algorithm	localsearch	alpha	beta	rho	ants	q0	rasrank	elitistants	nnls	dlb
"acs"	"3"	2.62	6.01	0.52	23	0.14	NA	NA	20	"1"
"ras"	"3"	4.18	0.39	0.46	29	NA	19	NA	34	"1"
"acs"	"3"	1.45	7.42	0.91	19	0.4	NA	NA	25	"1"
"acs"	"3"	2.95	6.52	0.13	31	0.67	NA	NA	45	"0"
"acs"	"3"	1.78	5.12	0.45	35	0.91	NA	NA	40	"0"
"acs"	"3"	2.86	3.76	0.41	57	0.53	NA	NA	32	"0"
"acs"	"3"	3.38	6.27	0.04	31	0.3	NA	NA	46	"0"
"ras"	"3"	2.8	2.82	0.79	81	NA	26	NA	41	"1"
"acs"	"3"	2.5	7.76	0.18	40	0.63	NA	NA	45	"0"
"acs"	"3"	2.31	6.22	0.29	38	0.76	NA	NA	49	"0"
"acs"	"3"	4.41	2.41	0.06	36	0.1	NA	NA	42	"1"
"acs"	"3"	2.02	3.28	0.58	47	0.53	NA	NA	24	"0"
"acs"	"3"	4.31	2.18	0.13	45	0.16	NA	NA	46	"0"
"acs"	"3"	2.77	4.28	0.4	60	0.72	NA	NA	24	"0"
"acs"	"3"	2.66	3.65	0.4	52	0.51	NA	NA	36	"0"
"acs"	"3"	3.15	4.57	0.39	61	0.63	NA	NA	21	"0"
"acs"	"3"	3.22	3.29	0.31	54	0.53	NA	NA	33	"0"
"acs"	"3"	3.97	2.35	0.08	39	0.22	NA	NA	39	"0"
"acs"	"3"	3.16	3.54	0.26	53	0.51	NA	NA	40	"0"
"acs"	"3"	4	2.84	0.07	39	0.24	NA	NA	37	"0"
"acs"	"3"	3.46	5.38	0.49	62	0.62	NA	NA	21	"0"
"acs"	"3"	3.54	5	0.52	65	0.57	NA	NA	22	"0"
"acs"	"3"	3.88	2.78	0.08	39	0.21	NA	NA	34	"0"
"acs"	"3"	3.57	1.12	0.53	39	0.17	NA	NA	18	"1"
"acs"	"3"	2.39	2.22	0.92	32	0.41	NA	NA	24	"1"
"acs"	"3"	1.73	6.2	0.86	45	0.7	NA	NA	12	"1"
"acs"	"3"	3.78	4.76	0.62	73	0.77	NA	NA	46	"1"
"acs"	"3"	2.8	3.99	0.59	9	0.7	NA	NA	24	"1"
"acs"	"3"	2.91	5.83	0.6	15	0.84	NA	NA	11	"1"
"acs"	"3"	3.47	7.91	0.82	58	0.75	NA	NA	9	"0"
"ras"	"3"	3.07	4.84	0.77	59	NA	12	NA	30	"0"
"acs"	"3"	3.54	7.83	0.63	62	0.61	NA	NA	14	"1"
"acs"	"3"	3.6	9.27	0.64	64	0.76	NA	NA	19	"0"
"ras"	"3"	3.08	3.78	0.66	58	NA	10	NA	25	"0"
"acs"	"3"	3.12	9.3	0.38	51	0.66	NA	NA	12	"1"
"ras"	"3"	3.63	4.75	0.68	65	NA	16	NA	20	"0"
"ras"	"3"	2.62	3.06	0.84	42	NA	11	NA	22	"0"
"ras"	"3"	2.33	2.92	0.92	43	NA	14	NA	34	"0"
"ras"	"3"	2.58	3.01	0.79	48	NA	12	NA	21	"0"
"ras"	"3"	2.49	2.94	0.88	37	NA	11	NA	31	"0"
"ras"	"3"	2.82	2.86	0.93	37	NA	14	NA	18	"0"
"ras"	"3"	2.36	2.87	0.9	38	NA	13	NA	21	"0"
"ras"	"3"	2.61	2.57	0.74	51	NA	15	NA	22	"0"
"ras"	"3"	2.64	2.88	0.76	44	NA	21	NA	21	"0"
"ras"	"3"	2.24	2.88	0.95	38	NA	13	NA	22	"0"
"ras"	"3"	2.41	2.73	0.92	36	NA	13	NA	21	"0"
"mmas"	"3"	4.08	1.96	0.33	90	NA	NA	NA	48	"0"
"mmas"	"3"	3.85	3.67	0.1	22	NA	NA	NA	17	"1"
"eas"	"3"	2.79	5	0.35	30	NA	NA	29	8	"0"
"acs"	"3"	4.06	1.84	0.2	29	0.27	NA	NA	19	"1"
"acs"	"3"	3.61	0.92	0.3	14	0.4	NA	NA	9	"1"
"mmas"	"3"	4.79	1.59	0.05	18	NA	NA	NA	17	"0"
"mmas"	"3"	4.04	5.56	0.13	23	NA	NA	NA	11	"0"
"acs"	"3"	2.83	3.78	0.69	66	0.4	NA	NA	26	"1"
"acs"	"3"	4.86	1.6	0.08	54	0.79	NA	NA	10	"0"
"mmas"	"3"	4.59	2.07	0.09	18	NA	NA	NA	8	"0"
"mmas"	"3"	3.49	1.83	0.04	8	NA	NA	NA	11	"0"
"mmas"	"3"	4.65	4.94	0.11	20	NA	NA	NA	16	"0"
"acs"	"3"	4.8	2.31	0.16	60	0.91	NA	NA	17	"0"
"acs"	"3"	4.98	3.21	0.07	53	0.82	NA	NA	16	"0"
"acs"	"3"	4.87	1.73	0.08	52	0.66	NA	NA	10	"0"
"acs"	"3"	4.49	1.67	0.17	62	0.91	NA	NA	13	"0"
"acs"	"3"	4.87	3.44	0.08	53	0.69	NA	NA	13	"0"
"acs"	"3"	3.97	2.49	0.14	65	0.97	NA	NA	11	"0"
"acs"	"3"	4.74	3.47	0.05	47	0.68	NA	NA	9	"0"
"acs"	"3"	4.85	1.59	0.09	51	0.78	NA	NA	10	"0"
"acs"	"3"	4.65	0.88	0.05	43	0.68	NA	NA	9	"0"
"acs"	"3"	3.98	2.99	0.15	64	0.94	NA	NA	11	"0"
"acs"	"3"	3.56	0.34	0.56	46	0.35	NA	NA	43	"0"
"acs"	"3"	1.72	5.42	0.83	38	0.78	NA	NA	38	"0"
"mmas"	"3"	3.36	2.76	0.2	48	NA	NA	NA	26	"1"
"acs"	"3"	2.89	6.83	0.72	33	0.51	NA	NA	33	"0"
"acs"	"3"	3.26	2.18	0.1	14	0.84	NA	NA	23	"1"
"acs"	"3"	3.19	2.97	0.35	34	0.29	NA	NA	10	"0"
"acs"	"3"	3.17	0.02	0.98	51	0.03	NA	NA	24	"0"
"acs"	"3"	3.74	3.34	0.16	61	0.96	NA	NA	49	"0"
"acs"	"3"	4.18	3.47	0.34	62	0.64	NA	NA	48	"0"
"acs"	"3"	2.51	4.63	0.31	22	0.73	NA	NA	14	"0"
"mmas"	"3"	2.73	3.06	0.22	37	NA	NA	NA	30	"0"
"acs"	"3"	4.14	2.03	0.22	53	0.2	NA	NA	35	"0"
"acs"	"3"	3.86	5.66	0.26	59	0.79	NA	NA	42	"1"
"acs"	"3"	4.47	6.4	0.37	64	0.88	NA	NA	48	"0"
"mmas"	"3"	2.64	1.09	0.16	25	NA	NA	NA	40	"0"
"acs"	"3"	4.39	6.38	0.21	53	0.78	NA	NA	46	"0"
"acs"	"3"	4.27	6.99	0.25	58	0.75	NA	NA	48	"0"
"acs"	"3"	4.12	2.35	0.19	54	0.02	NA	NA	38	"0"
"acs"	"3"	3.96	6.92	0.29	56	0.78	NA	NA	47	"0"
"acs"	"3"	4.16	6.93	0.21	60	0.8	NA	NA	41	"0"
"acs"	"3"	4.36	6.12	0.15	51	0.76	NA	NA	45	"0"
"acs"	"3"	4.17	6.75	0.23	54	0.71	NA	NA	49	"0"
"acs"	"3"	1.82	1.75	0.76	38	0.2	NA	NA	13	"0"
"mmas"	"3"	3.7	5.5	0.39	74	NA	NA	NA	19	"0"
"acs"	"3"	2.84	0.34	0.69	33	0.46	NA	NA	8	"0"
"acs"	"3"	3.5	6.83	0.6	46	0.68	NA	NA	21	"0"
"acs"	"3"	2.15	7.1	0.43	9	0.41	NA	NA	41	"1"
"acs"	"3"	1.41	3.87	0.79	22	0.87	NA	NA	35	"1"
"acs"	"3"	2.73	3.25	0.58	43	0.32	NA	NA	12	"0"
"acs"	"3"	2.36	1.52	0.99	51	0.13	NA	NA	15	"1"
"acs"	"3"	4.33	5.11	0.5	70	0.17	NA	NA	20	"1"
"acs"	"3"	2.26	3.89	0.59	39	0.38	NA	NA	11	"0"
"acs"	"3"	1.41	1.84	0.6	44	0.84	NA	NA	28	"1"
"acs"	"3"	1.72	2.73	0.98	41	0.29	NA	NA	15	"0"
"acs"	"3"	2.78	1.24	0.95	54	0.12	NA	NA	19	"0"
"acs"	"3"	2.26	3.37	0.96	49	0.24	NA	NA	8	"0"
"acs"	"3"	2.28	4.22	0.54	48	0.65	NA	NA	19	"0"
"acs"	"3"	2.62	2.76	0.66	52	0.47	NA	NA	16	"0"
"acs"	"3"	2.6	4.68	0.51	52	0.52	NA	NA	30	"0"
"acs"	"3"	2.43	3.25	0.52	43	0.29	NA	NA	16	"0"
"acs"	"3"	2.24	4.34	0.44	46	0.31	NA	NA	13	"0"
"acs"	"3"	2.63	4.28	0.45	53	0.35	NA	NA	16	"0"
"acs"	"3"	1.96	3.05	0.47	36	0.25	NA	NA	12	"0"
"acs"	"3"	2.78	5.19	0.51	60	0.64	NA	NA	24	"0"
"acs"	"3"	2.5	5.51	0.51	53	0.37	NA	NA	12	"0"
"acs"	"3"	2.67	4.26	0.45	52	0.24	NA	NA	15	"0"
"ras"	"3"	2.9	0.72	0.82	94	NA	9	NA	46	"0"
"acs"	"3"	3.5	9.04	0.23	49	0.32	NA	NA	39	"0"
"mmas"	"3"	4.28	6.23	0.27	28	NA	NA	NA	34	"1"
"acs"	"3"	3.31	7.11	0.25	20	0.27	NA	NA	33	"1"
"ras"	"3"	3.35	1.79	0.7	59	NA	31	NA	34	"1"
"acs"	"3"	3.92	9.51	0.07	35	0.7	NA	NA	30	"0"
"acs"	"3"	2.68	7.44	0.43	50	0.56	NA	NA	28	"0"
"acs"	"3"	3.4	8.21	0.26	32	0.59	NA	NA	35	"0"
"acs"	"3"	4.97	8.21	0.22	59	0.67	NA	NA	20	"0"
"acs"	"3"	4.31	9.61	0.15	46	0.54	NA	NA	15	"0"
"acs"	"3"	2.56	8.03	0.07	22	0.82	NA	NA	34	"0"
"acs"	"3"	4.37	7.09	0.18	53	0.74	NA	NA	18	"0"
"acs"	"3"	4.06	9.25	0.1	41	0.45	NA	NA	14	"0"
"acs"	"3"	4.22	9.42	0.14	48	0.59	NA	NA	13	"0"
"acs"	"3"	3.75	8.54	0.08	38	0.58	NA	NA	13	"0"
"acs"	"3"	4.26	9.42	0.13	43	0.49	NA	NA	19	"0"
"acs"	"3"	4.13	9.95	0.19	49	0.66	NA	NA	13	"0"
"acs"	"3"	4	9.51	0.12	43	0.45	NA	NA	11	"0"
"acs"	"3"	4.12	8.89	0.05	38	0.6	NA	NA	10	"0"
"mmas"	"3"	1.06	3.23	0.95	21	NA	NA	NA	43	"0"
"acs"	"3"	1.84	1.67	0.55	42	0.65	NA	NA	42	"1"
"acs"	"3"	2.42	5.49	0.74	31	0.49	NA	NA	28	"1"
"acs"	"3"	4.06	3.19	0.58	72	0.77	NA	NA	22	"1"
"acs"	"3"	1.98	4.99	0.75	40	0.36	NA	NA	39	"0"
"acs"	"3"	2.61	7.82	0.48	17	0.83	NA	NA	34	"1"
"acs"	"3"	2.58	7.72	0.87	62	0.5	NA	NA	12	"1"
"acs"	"3"	2.04	5.26	0.72	39	0.64	NA	NA	31	"1"
"acs"	"3"	4.4	9.71	0.87	63	0.56	NA	NA	24	"0"
"acs"	"3"	1.94	4.91	0.43	44	0.69	NA	NA	40	"1"
"acs"	"3"	4.13	3.33	0.71	76	0.81	NA	NA	12	"1"
"acs"	"3"	3.87	7.49	0.79	66	0.6	NA	NA	24	"0"
"acs"	"3"	3.6	6.43	0.35	56	0.69	NA	NA	39	"1"
"acs"	"3"	1.88	3.8	0.49	52	0.75	NA	NA	33	"1"
"acs"	"3"	4.07	2.46	0.56	83	1	NA	NA	12	"1"
"acs"	"3"	3.44	4.07	0.68	66	0.66	NA	NA	10	"1"
"acs"	"3"	4.83	4.48	0.68	77	0.74	NA	NA	12	"1"
"acs"	"3"	3.8	2.8	0.63	77	0.91	NA	NA	12	"1"
"acs"	"3"	4.29	3.81	0.74	77	0.93	NA	NA	9	"1"
"acs"	"3"	3.7	2.61	0.68	78	0.94	NA	NA	11	"1"
"acs"	"3"	3.69	3.52	0.75	74	0.79	NA	NA	11	"1"
"acs"	"3"	4.19	3.43	0.64	74	0.85	NA	NA	11	"1"
"acs"	"3"	3.72	2.21	0.69	81	0.96	NA	NA	7	"1"
"acs"	"3"	4.6	3.71	0.73	78	0.92	NA	NA	8	"1"
"acs"	"3"	2.16	1.68	0.82	23	0.73	NA	NA	28	"0"
"acs"	"3"	2.51	6.6	0.54	6	0.16	NA	NA	47	"0"
"ras"	"3"	4.07	2.23	0.48	48	NA	42	NA	9	"0"
"acs"	"3"	1.49	5.51	0.9	11	0.39	NA	NA	42	"0"
"ras"	"3"	3.84	3.32	0.25	74	NA	15	NA	37	"1"
"acs"	"3"	4.68	6.16	0.74	67	0.53	NA	NA	41	"1"
"acs"	"3"	3.83	1.88	0.14	49	0.01	NA	NA	38	"1"
"ras"	"3"	3.63	3.41	0.48	69	NA	21	NA	20	"1"
"acs"	"3"	2.36	0.84	0.32	32	0.55	NA	NA	8	"1"
"acs"	"3"	2.12	2.78	0.88	46	0.41	NA	NA	25	"0"
"acs"	"3"	4.52	7.3	0.62	63	0.21	NA	NA	37	"0"
"acs"	"3"	1.66	3.43	1	67	0.93	NA	NA	41	"0"
"acs"	"3"	4.96	6.02	0.58	67	0.56	NA	NA	29	"1"
"acs"	"3"	3.27	9.46	0.73	59	0.16	NA	NA	33	"0"
"acs"	"3"	3.29	7.19	0.91	65	0.38	NA	NA	35	"1"
"acs"	"3"	2.47	0.66	0.84	49	0.2	NA	NA	25	"0"
"ras"	"3"	2.86	1.61	0.93	48	NA	34	NA	44	"0"
"acs"	"3"	4.7	6.28	0.73	70	0.68	NA	NA	28	"1"
"acs"	"3"	3.47	9.01	0.68	54	0.27	NA	NA	32	"0"
"ras"	"3"	2.97	3.11	0.92	47	NA	16	NA	45	"0"
"acs"	"3"	3.79	8.1	0.74	63	0	NA	NA	22	"0"
"ras"	"3"	2.6	0.11	0.91	37	NA	20	NA	49	"0"
"acs"	"3"	3.69	8.41	0.83	63	0.09	NA	NA	23	"0"
"ras"	"3"	2.43	0.43	0.83	36	NA	17	NA	48	"0"
"acs"	"3"	4.13	8.07	0.7	63	0.09	NA	NA	19	"0"
"acs"	"3"	4.5	8.18	0.69	63	0.13	NA	NA	19	"0"
"acs"	"3"	3.97	8.12	0.72	61	0.06	NA	NA	19	"0"
"acs"	"3"	4.13	5.54	0.12	31	0.69	NA	NA	49	"0"
"eas"	"3"	3.9	8.82	0.36	57	NA	NA	63	21	"1"
"ras"	"3"	4.72	1.71	0.18	43	NA	19	NA	38	"0"
"mmas"	"3"	3	3.27	0.33	22	NA	NA	NA	34	"1"
"acs"	"3"	3.8	6.99	0.52	23	0.25	NA	NA	16	"1"
"acs"	"3"	3.87	6.68	0.16	22	0.32	NA	NA	31	"0"
"acs"	"3"	3.63	4.76	0.93	19	0.15	NA	NA	20	"1"
"acs"	"3"	2.05	6.98	0.43	5	0.66	NA	NA	18	"0"
"acs"	"3"	3.34	7.69	0.17	17	0.2	NA	NA	36	"0"
"acs"	"3"	2.3	8.41	0.35	36	0.81	NA	NA	9	"0"
"acs"	"3"	1.82	6.22	0.29	18	0.35	NA	NA	18	"0"
"acs"	"3"	1.79	5.85	0.96	36	0.01	NA	NA	13	"0"
"acs"	"3"	2.32	6.47	0.39	20	0.48	NA	NA	18	"1"
"acs"	"3"	2.27	2.87	0.19	13	0.7	NA	NA	12	"0"
"acs"	"3"	2.05	8.73	0.49	38	0.97	NA	NA	11	"0"
"acs"	"3"	1.79	3.13	0.28	30	0.65	NA	NA	7	"0"
"acs"	"3"	2.57	8.27	0.19	46	0.84	NA	NA	14	"0"
"acs"	"3"	2.83	8.19	0.26	42	0.75	NA	NA	10	"0"
"acs"	"3"	2.92	6.9	0.21	55	0.85	NA	NA	8	"0"
"acs"	"3"	2.08	1.89	0.21	43	0.71	NA	NA	12	"0"
"acs"	"3"	3.03	7.95	0.15	42	0.72	NA	NA	11	"0"
"acs"	"3"	3.85	7.78	0.1	46	0.68	NA	NA	11	"0"
"acs"	"3"	3.18	8.82	0.11	42	0.63	NA	NA	9	"0"
"acs"	"3"	2.85	9.3	0.18	40	0.66	NA	NA	13	"0"
"acs"	"3"	3.42	9.42	0.13	42	0.69	NA	NA	9	"0"
"acs"	"3"	3.99	8.3	0.08	44	0.7	NA	NA	9	"0"
"mmas"	"3"	4.16	5.07	0.14	38	NA	NA	NA	28	"1"
"acs"	"3"	4.86	0.23	0.93	70	0.26	NA	NA	40	"1"
"acs"	"3"	3.11	3.74	0.44	24	0.15	NA	NA	43	"0"
"mmas"	"3"	0.86	2.38	0.89	14	NA	NA	NA	21	"0"
"ras"	"3"	3.05	0.5	0.7	56	NA	80	NA	41	"0"
"acs"	"3"	1.25	0.11	0.91	59	0.99	NA	NA	11	"1"
"acs"	"3"	3.75	0.25	0.85	16	0.19	NA	NA	19	"0"
"acs"	"3"	1.84	4.49	0.81	38	0.79	NA	NA	23	"1"
"acs"	"3"	2.63	1.21	0.93	45	0.14	NA	NA	23	"0"
"acs"	"3"	1.58	3.13	0.92	42	0.84	NA	NA	11	"1"
"acs"	"3"	2.84	0.87	0.89	20	0.42	NA	NA	25	"0"
"acs"	"3"	1.89	1.46	0.97	55	0.69	NA	NA	16	"1"
"acs"	"3"	2.74	1.41	0.86	38	0.12	NA	NA	20	"0"
"acs"	"3"	1.42	3.54	0.81	44	0.89	NA	NA	17	"1"
"acs"	"3"	2.66	1.42	0.92	50	0.03	NA	NA	19	"0"
"acs"	"3"	2.91	1.7	0.94	59	0.09	NA	NA	22	"0"
"acs"	"3"	1.6	3.32	0.76	41	0.79	NA	NA	19	"1"
"acs"	"3"	1.26	3.91	0.78	44	0.84	NA	NA	17	"1"
"mmas"	"3"	1.75	7.26	0.6	29	NA	NA	NA	29	"1"
"mmas"	"3"	4.1	3.82	0.32	92	NA	NA	NA	50	"0"
"acs"	"3"	0.97	7.57	0.94	8	0.95	NA	NA	33	"0"
"ras"	"3"	3.39	4.6	0.46	46	NA	24	NA	18	"0"
"ras"	"3"	3.98	1.87	0.94	95	NA	66	NA	20	"1"
"acs"	"3"	2.9	6.14	0.44	19	0.55	NA	NA	19	"1"
"mmas"	"3"	2.32	4.68	0.45	48	NA	NA	NA	49	"0"
"acs"	"3"	2.47	2.12	0.67	51	0.37	NA	NA	50	"1"
"acs"	"3"	4.95	6.9	0.38	67	0.74	NA	NA	35	"0"
"ras"	"3"	4.2	2.47	0.7	61	NA	8	NA	25	"0"
"ras"	"3"	3.79	5.11	0.75	52	NA	12	NA	32	"0"
"acs"	"3"	4.97	7.97	0.38	69	0.88	NA	NA	43	"0"
"acs"	"3"	2.34	3.94	0.52	50	0.69	NA	NA	33	"0"
"acs"	"3"	4.13	7.37	0.35	57	0.43	NA	NA	49	"1"
"ras"	"3"	3.53	3.09	0.92	55	NA	26	NA	28	"0"
"acs"	"3"	4.47	6.74	0.29	62	0.79	NA	NA	46	"0"
"ras"	"3"	4.27	5.64	0.64	51	NA	13	NA	33	"0"
"ras"	"3"	3.53	2.65	0.75	55	NA	25	NA	31	"0"
"ras"	"3"	3.12	3.56	0.73	57	NA	21	NA	33	"0"
"ras"	"3"	3.76	3.48	0.75	71	NA	15	NA	29	"0"
"ras"	"3"	2.81	2.39	0.76	61	NA	20	NA	30	"0"
"ras"	"3"	3.04	4.55	0.79	52	NA	9	NA	32	"0"
"ras"	"3"	2.89	2.7	0.63	49	NA	14	NA	30	"0"
"ras"	"3"	2.75	2.41	0.83	62	NA	23	NA	26	"0"
"ras"	"3"	2.62	2.38	0.86	61	NA	14	NA	28	"0"
"ras"	"3"	2.57	2.01	0.74	56	NA	17	NA	29	"0"
"ras"	"3"	2.39	1.89	0.75	62	NA	25	NA	32	"0"
"ras"	"3"	2.33	2.72	0.88	61	NA	15	NA	29	"0"
"ras"	"3"	2.74	2.47	0.83	68	NA	11	NA	32	"0"
"acs"	"3"	0.82	3.07	0.77	18	0.94	NA	NA	22	"1"
"mmas"	"3"	1.28	2.13	0.74	45	NA	NA	NA	17	"0"
"acs"	"3"	4.49	4.16	0.69	25	0.71	NA	NA	27	"1"
"acs"	"3"	3.04	2.39	0.7	54	0.59	NA	NA	21	"0"
"acs"	"3"	1.91	4.83	0.76	42	0.58	NA	NA	14	"1"
"acs"	"3"	0.98	1.41	0.88	33	0.86	NA	NA	16	"1"
"acs"	"3"	2.02	2.85	0.41	36	0.83	NA	NA	47	"1"
"acs"	"3"	2.44	0.18	0.63	30	0.89	NA	NA	25	"0"
"acs"	"3"	2.77	4	0.6	61	0.77	NA	NA	48	"1"
"acs"	"3"	1.49	1.46	0.7	51	0.91	NA	NA	25	"1"
"acs"	"3"	2.21	0.86	0.91	19	0.57	NA	NA	22	"1"
"acs"	"3"	1.67	5.5	0.6	27	0.91	NA	NA	41	"0"
"acs"	"3"	3.42	9.9	0.78	53	0.44	NA	NA	27	"1"
"acs"	"3"	1.19	1.25	0.53	46	0.97	NA	NA	30	"0"
"acs"	"3"	3.04	8.97	0.74	56	0.47	NA	NA	22	"1"
"acs"	"3"	3	6.94	0.7	53	0.3	NA	NA	32	"0"
"acs"	"3"	1.7	2.86	0.72	27	0.85	NA	NA	31	"1"
"acs"	"3"	2.88	6.3	0.59	55	0.38	NA	NA	30	"0"
"acs"	"3"	3.1	6.85	0.66	56	0.3	NA	NA	31	"0"
"acs"	"3"	3.07	7.08	0.77	53	0.23	NA	NA	33	"0"
"acs"	"3"	2.85	7.07	0.71	51	0.24	NA	NA	35	"0"
"acs"	"3"	3.38	5.81	0.54	58	0.36	NA	NA	33	"1"
"acs"	"3"	2.78	7.21	0.57	56	0.3	NA	NA	36	"0"
"acs"	"3"	2.82	6.97	0.72	58	0.43	NA	NA	28	"0"
"acs"	"3"	2.93	6.45	0.56	50	0.36	NA	NA	30	"0"
"acs"	"3"	2.75	6.78	0.54	52	0.33	NA	NA	38	"0"
"as"	"3"	4.89	8.29	0.89	14	NA	NA	NA	30	"1"
"eas"	"3"	2	3.76	0.5	52	NA	NA	671	17	"1"
"ras"	"3"	4.38	6.03	0.37	6	NA	21	NA	14	"0"
"acs"	"3"	3.21	4	0.91	76	0.51	NA	NA	24	"1"
"acs"	"3"	4.13	0.13	0.95	37	0.42	NA	NA	42	"1"
"ras"	"3"	2.03	2.9	0.92	68	NA	25	NA	12	"0"
"acs"	"3"	3.84	1.78	0.02	22	0.49	NA	NA	23	"1"
"acs"	"3"	2.3	3.04	0.33	53	0.5	NA	NA	11	"1"
"acs"	"3"	4.97	1.98	0.54	30	0.15	NA	NA	47	"1"
"acs"	"3"	1.42	6.67	0.5	45	0.97	NA	NA	10	"0"
"acs"	"3"	2.55	1.64	0.53	10	0.88	NA	NA	15	"1"
"acs"	"3"	2.41	2.49	0.07	28	0.34	NA	NA	35	"1"
"acs"	"3"	4.89	4.8	0.1	7	0.39	NA	NA	32	"1"
"acs"	"3"	2.66	1.92	0.16	26	0.31	NA	NA	29	"1"
"acs"	"3"	3.9	3.12	0.03	32	0.55	NA	NA	28	"1"
"acs"	"3"	2.49	0.76	0.52	44	0.71	NA	NA	9	"1"
"acs"	"3"	2.5	5.01	0.36	54	0.32	NA	NA	11	"0"
"acs"	"3"	2.51	4.8	0.35	50	0.27	NA	NA	13	"0"
"acs"	"3"	3.14	4.9	0.29	54	0.24	NA	NA	10	"0"
"acs"	"3"	2.32	5.28	0.45	54	0.34	NA	NA	9	"0"
"acs"	"3"	2.99	6.17	0.43	56	0.29	NA	NA	10	"0"
"acs"	"3"	2	5.69	0.46	46	0.48	NA	NA	14	"0"
"acs"	"3"	3.08	6.06	0.47	62	0.3	NA	NA	9	"0"
"acs"	"3"	3.43	4.49	0.3	55	0.32	NA	NA	11	"0"
"acs"	"3"	2.71	5.12	0.48	52	0.33	NA	NA	10	"0"
"acs"	"3"	2.97	5.86	0.43	55	0.33	NA	NA	8	"0"
"acs"	"3"	2.2	4.36	0.49	49	0.32	NA	NA	11	"0"
"acs"	"3"	3.55	9.91	0.67	27	0.73	NA	NA	26	"1"
"mmas"	"3"	1.95	5.93	0.48	25	NA	NA	NA	49	"0"
"acs"	"3"	2.96	3.58	0.62	14	0.38	NA	NA	15	"1"
"acs"	"3"	3.22	7.61	0.21	33	0.21	NA	NA	39	"0"
"acs"	"3"	2.05	9.01	0.38	38	0.44	NA	NA	46	"0"
"acs"	"3"	2.79	7.16	0.97	54	0.65	NA	NA	41	"0"
"mmas"	"3"	4.82	9.88	0.34	40	NA	NA	NA	23	"0"
"acs"	"3"	1.56	8.24	0.45	33	0.89	NA	NA	13	"1"
"acs"	"3"	2.16	8.45	0.33	18	0.14	NA	NA	22	"0"
"mmas"	"3"	2.89	6.29	0.34	38	NA	NA	NA	24	"1"
"acs"	"3"	2.99	7.82	0.18	25	0.53	NA	NA	18	"0"
"acs"	"3"	2.86	6.21	0.61	58	0.58	NA	NA	42	"0"
"acs"	"3"	3.77	8.83	0.09	31	0.35	NA	NA	21	"0"
"acs"	"3"	4.97	6.91	0.01	13	0.05	NA	NA	19	"1"
"acs"	"3"	2.53	6.62	0.65	54	0.29	NA	NA	20	"0"
"mmas"	"3"	3.41	5.52	0.17	13	NA	NA	NA	22	"0"
"acs"	"3"	2.98	8.27	0.12	38	0.46	NA	NA	17	"0"
"acs"	"3"	3.66	8.14	0.22	44	0.19	NA	NA	28	"0"
"acs"	"3"	3.36	6.94	0.06	24	0.03	NA	NA	19	"1"
"acs"	"3"	2.96	7.15	0.84	53	0.02	NA	NA	16	"0"
"acs"	"3"	2.83	8.29	0.05	25	0.36	NA	NA	15	"0"
"acs"	"3"	3.2	8.21	0.34	45	0.27	NA	NA	10	"0"
"acs"	"3"	2.72	6.99	0.87	53	0.03	NA	NA	16	"0"
"acs"	"3"	3.15	8.28	0.16	36	0.24	NA	NA	17	"0"
"acs"	"3"	2.85	8.01	0.22	40	0.43	NA	NA	14	"0"
"acs"	"3"	2.95	8.27	0.36	48	0.29	NA	NA	9	"0"
"acs"	"3"	3	9.49	0.16	32	0.48	NA	NA	19	"0"
"acs"	"3"	2.93	7.66	0.26	46	0.43	NA	NA	14	"0"
"acs"	"3"	3.02	7.58	0.36	47	0.28	NA	NA	12	"0"
"acs"	"3"	2.94	7.72	0.35	48	0.37	NA	NA	12	"0"
"acs"	"3"	2.94	7.55	0.35	48	0.4	NA	NA	12	"0"
"ras"	"3"	2.32	0.05	0.64	26	NA	39	NA	38	"0"
"acs"	"3"	4.59	7.08	0.25	39	0.01	NA	NA	25	"0"
"mmas"	"3"	2.13	3.09	0.12	18	NA	NA	NA	10	"1"
"acs"	"3"	4.22	1.73	0.57	8	0.34	NA	NA	32	"1"
"mmas"	"3"	4.77	6.57	0.37	99	NA	NA	NA	42	"1"
"mmas"	"3"	4.79	2.99	0.19	43	NA	NA	NA	21	"0"
"acs"	"3"	4.43	2.47	0.74	10	0.27	NA	NA	29	"1"
"acs"	"3"	2.82	4.45	0.58	58	0.53	NA	NA	32	"1"
"mmas"	"3"	2.95	0.86	0.13	26	NA	NA	NA	11	"0"
"acs"	"3"	4.84	7.09	0.14	46	0.11	NA	NA	24	"0"
"acs"	"3"	4.36	7.94	0.37	60	0.12	NA	NA	19	"1"
"acs"	"3"	3.94	6.93	0.66	67	0.77	NA	NA	17	"0"
"mmas"	"3"	2.84	2.67	0.12	20	NA	NA	NA	14	"0"
"acs"	"3"	3.72	6.02	0.55	67	0.72	NA	NA	14	"0"
"acs"	"3"	3.47	5.9	0.7	67	0.62	NA	NA	9	"1"
"acs"	"3"	4.08	8.67	0.28	58	0.28	NA	NA	16	"0"
"acs"	"3"	3.4	8.88	0.25	45	0.28	NA	NA	18	"0"
"mmas"	"3"	2.8	2.19	0.15	28	NA	NA	NA	16	"0"
"acs"	"3"	3.8	8.54	0.23	51	0.29	NA	NA	16	"0"
"mmas"	"3"	3.14	2.92	0.11	21	NA	NA	NA	15	"0"
"mmas"	"3"	2.51	6.98	0.47	29	NA	NA	NA	8	"0"
"acs"	"3"	2.28	4.95	0.58	46	0.66	NA	NA	44	"1"
"eas"	"3"	2.4	3.62	0.42	74	NA	NA	263	43	"1"
"acs"	"3"	3.02	9.87	0.79	38	0.21	NA	NA	37	"1"
"mmas"	"3"	3.78	1.16	0.13	31	NA	NA	NA	20	"1"
"acs"	"3"	2.93	1.62	0.64	59	0.4	NA	NA	28	"0"
"acs"	"3"	2.68	5.09	0.86	18	0.16	NA	NA	10	"0"
"acs"	"3"	2.84	1.6	0.61	60	0.62	NA	NA	9	"1"
"acs"	"3"	3.16	9.87	0.66	38	0.1	NA	NA	41	"0"
"acs"	"3"	2.5	7.33	0.89	29	0.06	NA	NA	15	"1"
"mmas"	"3"	4.68	2.94	0.14	32	NA	NA	NA	27	"0"
"acs"	"3"	3.39	4.71	0.13	44	0.12	NA	NA	17	"1"
"acs"	"3"	1.59	4.35	0.79	51	0.79	NA	NA	23	"0"
"mmas"	"3"	3.22	2.62	0.22	49	NA	NA	NA	25	"0"
"acs"	"3"	3.36	4.55	0.12	44	0.34	NA	NA	24	"1"
"acs"	"3"	2.65	7.07	0.15	28	0.13	NA	NA	17	"1"
"acs"	"3"	3.31	4.74	0.24	50	0.03	NA	NA	21	"1"
"acs"	"3"	1.74	3.68	0.97	57	0.79	NA	NA	17	"0"
"acs"	"3"	1.75	3.26	0.89	58	0.79	NA	NA	19	"0"
"acs"	"3"	3.6	4.93	0.07	40	0.4	NA	NA	24	"1"
"acs"	"3"	1.74	3.66	0.94	59	0.88	NA	NA	13	"0"
"acs"	"3"	3.27	4.33	0.1	43	0.45	NA	NA	25	"1"
"acs"	"3"	2.42	6.24	0.36	35	0.65	NA	NA	42	"1"
"acs"	"3"	2.08	6.28	0.76	19	0.16	NA	NA	23	"0"
"acs"	"3"	4.43	4.71	0.11	58	0.82	NA	NA	10	"1"
"acs"	"3"	2.78	8.18	0.97	20	0.21	NA	NA	20	"0"
"acs"	"3"	4.05	4.75	0.44	20	0.49	NA	NA	23	"0"
"acs"	"3"	3.31	6.23	0.08	19	0.87	NA	NA	25	"0"
"acs"	"3"	2.76	3.17	0.48	42	0.41	NA	NA	29	"0"
"mmas"	"3"	3.23	5.81	0.21	19	NA	NA	NA	38	"0"
"acs"	"3"	2.01	7.32	0.97	42	0.34	NA	NA	26	"0"
"acs"	"3"	4.66	3.46	0.19	62	0.86	NA	NA	11	"0"
"acs"	"3"	2.39	5.31	0.1	20	0.68	NA	NA	26	"0"
"acs"	"3"	1.94	7.21	0.15	15	0.75	NA	NA	21	"0"
"acs"	"3"	2.12	4.7	0.16	31	0.47	NA	NA	29	"0"
"acs"	"3"	2	3.8	0.15	19	0.5	NA	NA	13	"0"
"acs"	"3"	2.21	2.84	0.14	29	0.44	NA	NA	22	"0"
"acs"	"3"	1.89	6.12	0.14	29	0.77	NA	NA	22	"0"
"acs"	"3"	2.1	5.17	0.18	27	0.45	NA	NA	23	"0"
"acs"	"3"	2.38	3.19	0.08	26	0.43	NA	NA	22	"0"
"mmas"	"3"	3.13	5.44	0.19	20	NA	NA	NA	39	"0"
"mmas"	"3"	3.86	6.79	0.41	53	NA	NA	NA	45	"0"
"mmas"	"3"	2.83	4.33	0.28	33	NA	NA	NA	14	"0"
"acs"	"3"	4.86	0.89	0.25	6	0.34	NA	NA	13	"1"
"acs"	"3"	3.79	2.1	0.42	59	0.81	NA	NA	29	"0"
"acs"	"3"	4.44	3.94	0.21	58	0.88	NA	NA	47	"1"
"acs"	"3"	1.93	0.22	0.96	43	0.37	NA	NA	10	"1"
"acs"	"3"	2.64	7.93	0.66	53	0.69	NA	NA	12	"0"
"acs"	"3"	3.35	5.76	0.2	53	0.67	NA	NA	36	"0"
"acs"	"3"	4.03	4.68	0.34	58	0.61	NA	NA	24	"0"
"acs"	"3"	2.39	7.82	0.43	40	0.86	NA	NA	11	"0"
"acs"	"3"	4.73	3.94	0.45	71	0.61	NA	NA	23	"0"
"acs"	"3"	4.25	5.04	0.27	59	0.67	NA	NA	21	"0"
"acs"	"3"	2.43	9.23	0.59	40	0.42	NA	NA	15	"0"
"acs"	"3"	4.38	6.89	0.14	50	0.6	NA	NA	33	"0"
"acs"	"3"	4.2	3.82	0.64	66	0.23	NA	NA	16	"0"
"acs"	"3"	4	6.6	0.31	54	0.47	NA	NA	40	"0"
"acs"	"3"	2.15	9.28	0.59	43	0.49	NA	NA	10	"0"
"acs"	"3"	3.62	5.47	0.18	53	0.68	NA	NA	18	"0"
"acs"	"3"	2.37	8.4	0.66	42	0.3	NA	NA	9	"0"
"acs"	"3"	3.59	6.43	0.18	51	0.61	NA	NA	17	"0"
"acs"	"3"	2.16	8.59	0.57	45	0.52	NA	NA	10	"0"
"acs"	"3"	2.41	9.54	0.7	42	0.24	NA	NA	10	"0"
"acs"	"3"	3.4	7.25	0.21	46	0.61	NA	NA	16	"0"
"ras"	"3"	4.34	0.49	0.94	85	NA	15	NA	35	"0"
"acs"	"3"	3.36	2.28	0.22	55	0.86	NA	NA	8	"0"
"acs"	"3"	4.58	2.88	0.02	37	0.75	NA	NA	16	"0"
"acs"	"3"	2.79	5.35	0.15	36	0.09	NA	NA	15	"0"
"ras"	"3"	4.08	2.26	0.98	92	NA	35	NA	32	"0"
"acs"	"3"	3.2	5.1	0.58	56	0.67	NA	NA	10	"0"
"ras"	"3"	3.56	1.45	0.88	94	NA	25	NA	23	"0"
"acs"	"3"	4.59	4.08	0.2	64	0.88	NA	NA	11	"0"
"acs"	"3"	2.62	6.03	0.16	34	0.1	NA	NA	20	"0"
"acs"	"3"	4.68	2.78	0.07	54	0.79	NA	NA	18	"0"
"ras"	"3"	2.72	2.04	0.97	86	NA	15	NA	22	"0"
"ras"	"3"	2.98	2.42	0.94	89	NA	27	NA	23	"0"
"acs"	"3"	4.76	3.64	0.03	45	0.76	NA	NA	11	"0"
"acs"	"3"	4.75	4.36	0.03	41	0.76	NA	NA	9	"0"
"ras"	"3"	2.47	1.18	0.87	82	NA	18	NA	20	"0"
"acs"	"3"	4.47	3.01	0.02	33	0.75	NA	NA	16	"0"
"acs"	"3"	4.56	4.6	0.05	46	0.8	NA	NA	9	"0"
"acs"	"3"	4.46	4.45	0.08	51	0.78	NA	NA	11	"0"
"mmas"	"3"	0.89	4.15	0.79	11	NA	NA	NA	50	"1"
"acs"	"3"	4.25	6.49	0.19	28	0.35	NA	NA	14	"0"
"ras"	"3"	4.91	0.01	0.12	16	NA	13	NA	26	"0"
"mmas"	"3"	2.88	4.7	0.4	37	NA	NA	NA	22	"1"
"acs"	"3"	3.74	9.85	0.69	66	0.25	NA	NA	11	"1"
"acs"	"3"	4.04	8.24	0.79	65	0.24	NA	NA	25	"1"
"acs"	"3"	1.95	5.4	0.51	41	0.23	NA	NA	13	"1"
"acs"	"3"	3.69	6.86	0.08	39	0.34	NA	NA	32	"1"
"acs"	"3"	4.6	3.12	0.12	47	0.48	NA	NA	15	"0"
"acs"	"3"	2.82	4.78	0.37	48	0.26	NA	NA	31	"1"
"acs"	"3"	3.99	5.07	0.08	41	0.05	NA	NA	8	"0"
"acs"	"3"	3.93	4.17	0.02	11	0.27	NA	NA	12	"0"
"acs"	"3"	4.16	7.4	0.04	33	0.26	NA	NA	33	"1"
"acs"	"3"	4.07	6.08	0.04	36	0.05	NA	NA	7	"0"
"acs"	"3"	2.85	6.81	0.54	38	0.43	NA	NA	20	"0"
"acs"	"3"	3.36	8.86	0.14	32	0.45	NA	NA	34	"1"
"acs"	"3"	4.07	4.11	0.09	48	0.04	NA	NA	8	"0"
"acs"	"3"	4.19	7.06	0.07	40	0.07	NA	NA	10	"0"
"acs"	"3"	4.38	6.63	0.05	29	0.03	NA	NA	11	"0"
"acs"	"3"	4.03	5.66	0.05	38	0.03	NA	NA	12	"0"
"acs"	"3"	3.86	5.97	0.09	41	0.06	NA	NA	11	"0"
"acs"	"3"	3.63	6.41	0.11	41	0.04	NA	NA	11	"0"
"acs"	"3"	4.23	7.46	0.04	33	0.07	NA	NA	12	"0"
"acs"	"3"	3.69	5.15	0.06	40	0.14	NA	NA	11	"0"
"acs"	"3"	4.19	6.56	0.05	36	0.11	NA	NA	10	"0"
"acs"	"3"	4.22	7.53	0.04	34	0.04	NA	NA	10	"0"
"acs"	"3"	3.98	6.23	0.1	42	0.13	NA	NA	10	"0"
"acs"	"3"	4.32	6.75	0.06	37	0.07	NA	NA	8	"0"
"acs"	"3"	3.81	5.75	0.08	40	0.14	NA	NA	10	"0"
"ras"	"3"	3.44	3.28	0.96	87	NA	72	NA	37	"0"
"acs"	"3"	2.04	1.09	0.87	6	0.74	NA	NA	16	"1"
"eas"	"3"	4.77	6.87	0.27	41	NA	NA	376	47	"1"
"acs"	"3"	1.6	4.15	0.14	11	0.57	NA	NA	30	"0"
"acs"	"3"	2.9	8.5	0.59	43	0.44	NA	NA	18	"1"
"ras"	"3"	3.71	5.1	0.98	79	NA	37	NA	37	"1"
"ras"	"3"	3.57	7.47	0.71	33	NA	13	NA	22	"1"
"acs"	"3"	3.16	2.62	0.93	20	0.35	NA	NA	21	"1"
"acs"	"3"	4.64	2.54	0.52	9	0.04	NA	NA	18	"1"
"acs"	"3"	2.62	3.88	0.87	28	0.23	NA	NA	22	"0"
"acs"	"3"	2.8	2.44	0.88	40	0.13	NA	NA	11	"0"
"acs"	"3"	3.78	1.75	0.49	23	0.15	NA	NA	14	"1"
"acs"	"3"	1.9	3.98	0.8	39	0.54	NA	NA	18	"0"
"acs"	"3"	2.17	2.07	0.94	51	0	NA	NA	13	"0"
"acs"	"3"	2.02	2.77	0.84	45	0.13	NA	NA	15	"0"
"acs"	"3"	2.87	6.23	0.77	44	0.28	NA	NA	25	"0"
"acs"	"3"	2.44	6.95	0.75	47	0.08	NA	NA	27	"0"
"acs"	"3"	2.29	2.12	0.94	48	0.17	NA	NA	11	"0"
"acs"	"3"	2.03	3.67	0.83	49	0.03	NA	NA	11	"0"
"acs"	"3"	2.27	2.24	0.98	49	0.01	NA	NA	10	"0"
"acs"	"3"	2.36	2.43	0.91	53	0.04	NA	NA	14	"0"
"acs"	"3"	2.3	1.22	0.97	47	0.05	NA	NA	10	"0"
"acs"	"3"	2.57	7	0.74	46	0.07	NA	NA	20	"0"
"acs"	"3"	2.19	2.17	1	50	0.04	NA	NA	10	"0"
"acs"	"3"	2.45	6.53	0.76	44	0.14	NA	NA	17	"0"
"acs"	"3"	2.29	2.76	0.94	46	0.03	NA	NA	9	"0"
"acs"	"3"	2.06	2.6	0.99	49	0.06	NA	NA	9	"0"
"acs"	"3"	2.12	2.45	0.99	46	0.02	NA	NA	13	"0"
"acs"	"2"	4.03	7.06	0.81	66	0.64	NA	NA	23	"1"
"mmas"	"3"	3.02	5.97	0.3	68	NA	NA	NA	6	"1"
"acs"	"3"	3.16	0.79	0.86	63	0.6	NA	NA	16	"1"
"acs"	"3"	2.55	2.81	0.56	40	0.53	NA	NA	29	"1"
"acs"	"3"	3.57	7.45	0.65	56	0.72	NA	NA	21	"0"
"acs"	"3"	4.03	6.21	0.93	6	0.65	NA	NA	28	"1"
"acs"	"3"	2.44	5.42	0.67	55	0.52	NA	NA	8	"1"
"acs"	"3"	2.83	9.28	0.71	53	0.75	NA	NA	29	"0"
"acs"	"3"	2.62	7.26	0.81	64	0.79	NA	NA	10	"0"
"acs"	"3"	3.48	9.48	0.5	54	0.57	NA	NA	20	"0"
"acs"	"3"	2.98	5.97	0.65	62	0.46	NA	NA	7	"1"
"acs"	"3"	1.5	4.17	1	37	0.55	NA	NA	19	"1"
"acs"	"3"	2.98	6.44	0.83	65	0.64	NA	NA	9	"0"
"acs"	"3"	2.69	9.13	0.42	48	0.65	NA	NA	16	"0"
"acs"	"3"	3.12	8.94	0.44	47	0.47	NA	NA	11	"0"
"acs"	"3"	2.77	7.32	0.65	61	0.48	NA	NA	10	"1"
"acs"	"3"	2.94	8.98	0.34	47	0.58	NA	NA	10	"0"
"acs"	"3"	2.99	8.33	0.59	56	0.42	NA	NA	9	"0"
"acs"	"3"	3.11	9.47	0.49	52	0.44	NA	NA	11	"0"
"acs"	"3"	2.96	9.29	0.42	52	0.59	NA	NA	10	"0"
"acs"	"3"	2.95	8.32	0.54	54	0.41	NA	NA	10	"0"
"acs"	"3"	2.94	8.76	0.34	48	0.5	NA	NA	11	"0"
"acs"	"3"	3.05	9.08	0.43	51	0.59	NA	NA	10	"0"
"acs"	"3"	2.9	8.52	0.59	57	0.42	NA	NA	8	"0"
"acs"	"3"	4.02	2.36	0.18	56	0.54	NA	NA	31	"0"
"acs"	"3"	2.18	2.08	0.12	22	0.25	NA	NA	29	"1"
"mmas"	"3"	3.35	4.48	0.13	9	NA	NA	NA	39	"1"
"acs"	"3"	3.14	4.58	0.15	17	0.61	NA	NA	17	"1"
"mmas"	"3"	4.18	3.13	0.15	21	NA	NA	NA	17	"1"
"acs"	"3"	1.87	7.43	0.05	10	0.69	NA	NA	21	"1"
"acs"	"3"	1.41	2.66	0.39	11	0.96	NA	NA	23	"1"
"mmas"	"3"	4.73	2.54	0.09	23	NA	NA	NA	17	"0"
"acs"	"3"	1.36	3.58	0.41	13	0.97	NA	NA	25	"1"
"mmas"	"3"	2.92	2.69	0.13	22	NA	NA	NA	25	"1"
"mmas"	"3"	2.35	4.24	0.17	19	NA	NA	NA	18	"0"
"mmas"	"3"	3.17	2.82	0.14	21	NA	NA	NA	23	"1"
"mmas"	"3"	2.29	3.17	0.13	14	NA	NA	NA	10	"0"
"mmas"	"3"	3.2	5.11	0.14	19	NA	NA	NA	12	"0"
"mmas"	"3"	3	3.47	0.16	19	NA	NA	NA	14	"0"
"mmas"	"3"	3.11	4.2	0.14	19	NA	NA	NA	13	"0"
"mmas"	"3"	2.91	3.64	0.12	20	NA	NA	NA	12	"0"
"mmas"	"3"	3	2.32	0.16	32	NA	NA	NA	14	"0"
"mmas"	"3"	3.54	4.49	0.18	26	NA	NA	NA	17	"0"
"mmas"	"3"	3.49	4.6	0.16	26	NA	NA	NA	14	"0"
"mmas"	"3"	3.18	3.25	0.11	19	NA	NA	NA	13	"0"
"mmas"	"3"	2.8	3.62	0.15	22	NA	NA	NA	10	"0"
"mmas"	"3"	3.02	2.85	0.13	24	NA	NA	NA	13	"0"
"mmas"	"3"	3.18	2.7	0.15	25	NA	NA	NA	11	"0"
"mmas"	"3"	2.99	3.78	0.15	22	NA	NA	NA	11	"0"
"mmas"	"3"	2.78	3.71	0.15	18	NA	NA	NA	11	"0"
"mmas"	"3"	2.77	3.5	0.17	18	NA	NA	NA	11	"0"
"mmas"	"3"	2.58	3.65	0.16	23	NA	NA	NA	8	"0"
"mmas"	"3"	3.01	5.5	0.27	63	NA	NA	NA	32	"0"
"mmas"	"3"	3.95	1.78	0.13	36	NA	NA	NA	21	"1"
"mmas"	"3"	2.51	3.59	0.36	68	NA	NA	NA	43	"0"
"acs"	"3"	2.08	9.72	0.32	32	0.8	NA	NA	46	"1"
"ras"	"3"	2.38	2.21	0.87	80	NA	10	NA	28	"1"
"ras"	"3"	2.31	2.33	0.88	52	NA	17	NA	29	"0"
"ras"	"3"	2.43	0.78	0.91	74	NA	35	NA	37	"1"
"acs"	"3"	2.65	4.05	0.84	56	0.13	NA	NA	24	"0"
"ras"	"3"	3.11	0.66	0.68	93	NA	21	NA	34	"1"
"ras"	"3"	2.47	1.98	0.84	83	NA	10	NA	31	"1"
"ras"	"3"	2.78	1.58	0.95	95	NA	17	NA	34	"1"
"ras"	"3"	2.69	1.27	0.81	89	NA	17	NA	31	"1"
"ras"	"3"	2.53	3.23	0.74	48	NA	14	NA	26	"1"
"ras"	"3"	2.82	3.04	0.86	58	NA	14	NA	27	"0"
"ras"	"3"	2.44	2.45	0.95	46	NA	18	NA	29	"0"
"ras"	"3"	2.49	3.03	0.77	49	NA	16	NA	21	"1"
"ras"	"3"	2.58	2.46	0.91	49	NA	17	NA	28	"0"
"ras"	"3"	2.75	3.1	0.74	50	NA	17	NA	22	"0"
"ras"	"3"	2.52	2.21	0.98	46	NA	18	NA	28	"0"
"ras"	"3"	2.44	2.83	0.91	51	NA	14	NA	24	"0"
"ras"	"3"	2.85	3.01	0.88	59	NA	11	NA	27	"0"
"ras"	"3"	2.57	3.3	0.72	50	NA	15	NA	20	"0"
"ras"	"3"	2.35	2.43	0.94	49	NA	18	NA	27	"0"
"ras"	"3"	2.4	2.9	0.93	46	NA	15	NA	25	"0"
"ras"	"3"	2.48	2.87	0.91	45	NA	16	NA	25	"0"
"ras"	"3"	2.36	2.76	0.95	47	NA	12	NA	26	"0"
"ras"	"3"	2.47	2.95	0.92	44	NA	15	NA	25	"0"
"eas"	"3"	1.43	2.53	0.53	60	NA	NA	599	33	"1"
"acs"	"3"	2.84	2.93	0.18	39	0.95	NA	NA	12	"0"
"acs"	"3"	2.96	3.09	0.38	29	0.43	NA	NA	8	"1"
"acs"	"3"	2.93	5.76	0.74	13	0.03	NA	NA	10	"0"
"acs"	"3"	3.02	5.27	0.67	12	0.23	NA	NA	8	"0"
"acs"	"3"	2.6	3.13	0.24	32	0.3	NA	NA	14	"0"
"acs"	"3"	1.84	3.96	0.71	22	0.39	NA	NA	12	"0"
"acs"	"3"	2.23	3.3	0.79	41	0.21	NA	NA	13	"0"
"acs"	"3"	2.83	4.83	0.22	32	0.49	NA	NA	12	"0"
"acs"	"3"	2.46	7.68	0.61	31	0.27	NA	NA	12	"0"
"acs"	"3"	2.07	3.47	0.72	44	0.26	NA	NA	12	"0"
"acs"	"3"	2.06	1.63	0.28	29	0.35	NA	NA	17	"0"
"acs"	"3"	2.23	4.43	0.73	21	0.34	NA	NA	14	"0"
"acs"	"3"	1.83	4.4	0.64	35	0.06	NA	NA	8	"0"
"acs"	"3"	2.16	2.47	0.4	26	0.54	NA	NA	17	"0"
"acs"	"3"	2.53	2.82	0.28	31	0.39	NA	NA	13	"0"
"acs"	"3"	2.8	7.36	0.36	31	0.35	NA	NA	11	"0"
"acs"	"3"	1.93	4.31	0.56	38	0.09	NA	NA	8	"0"
"acs"	"3"	2.19	6.58	0.32	36	0.4	NA	NA	9	"0"
"acs"	"3"	3.23	9.02	0.36	43	0.44	NA	NA	8	"0"
"acs"	"3"	2.57	7.27	0.38	16	0.3	NA	NA	12	"0"
"acs"	"3"	2.21	7.29	0.38	20	0.34	NA	NA	12	"0"
"acs"	"3"	3.23	9	0.37	46	0.36	NA	NA	10	"0"
"acs"	"3"	3.28	9.34	0.4	47	0.4	NA	NA	10	"0"
"acs"	"3"	3.01	8.73	0.33	46	0.48	NA	NA	10	"0"
"acs"	"3"	3.22	9.45	0.35	45	0.41	NA	NA	8	"0"
"acs"	"3"	3.09	9.07	0.32	48	0.36	NA	NA	12	"0"
"acs"	"3"	2.91	8.7	0.34	46	0.53	NA	NA	10	"0"
"acs"	"3"	2.87	8.5	0.29	47	0.53	NA	NA	9	"0"
"acs"	"3"	3.4	8.68	0.37	49	0.37	NA	NA	11	"0"
"acs"	"3"	3.1	8.85	0.3	46	0.34	NA	NA	12	"0"
"acs"	"3"	3.12	8.61	0.35	48	0.33	NA	NA	13	"0"
"ras"	"3"	4.73	2.83	0.33	47	NA	57	NA	50	"1"
"acs"	"3"	3.17	8.45	0.64	5	0.87	NA	NA	6	"1"
"mmas"	"3"	2.78	3.61	0.44	96	NA	NA	NA	19	"1"
"acs"	"3"	2.15	9.86	0.81	12	0.6	NA	NA	13	"1"
"eas"	"3"	4.07	9.31	0.4	36	NA	NA	361	37	"1"
"acs"	"3"	4.21	7.89	0.81	11	0.55	NA	NA	29	"0"
"acs"	"3"	3.41	9.83	0.58	12	0.93	NA	NA	27	"1"
"acs"	"3"	3.29	7.73	0.02	6	0.62	NA	NA	11	"1"
"mmas"	"3"	2.65	7.31	0.16	9	NA	NA	NA	13	"1"
"acs"	"3"	3.17	6.17	0.12	17	0.24	NA	NA	16	"1"
"acs"	"3"	4.04	8.52	0.14	10	0.68	NA	NA	15	"1"
"acs"	"3"	2.75	6.29	0.12	33	0.74	NA	NA	10	"0"
"acs"	"3"	2.71	7.06	0.1	9	0.69	NA	NA	10	"1"
"acs"	"3"	2.43	6.5	0.1	34	0.92	NA	NA	9	"0"
"acs"	"3"	2.9	7.85	0.06	33	0.62	NA	NA	8	"0"
"acs"	"3"	3.45	8.93	0.12	25	0.68	NA	NA	20	"1"
"acs"	"3"	2.49	6.24	0.21	41	0.43	NA	NA	18	"1"
"acs"	"3"	2.47	9.01	0.15	34	0.52	NA	NA	10	"0"
"acs"	"3"	2.75	6.25	0.09	32	0.49	NA	NA	10	"0"
"acs"	"3"	3.39	7.74	0.11	42	0.59	NA	NA	10	"0"
"acs"	"3"	3.74	8.04	0.11	43	0.6	NA	NA	10	"0"
"acs"	"3"	3.71	7.33	0.23	52	0.57	NA	NA	11	"0"
"acs"	"3"	3.25	7.84	0.06	36	0.61	NA	NA	11	"0"
"acs"	"3"	3.68	7.87	0.14	42	0.53	NA	NA	9	"0"
"acs"	"3"	3.26	7.06	0.05	31	0.55	NA	NA	11	"0"
"acs"	"3"	3.65	6.83	0.07	41	0.61	NA	NA	14	"0"
"acs"	"3"	3.39	8.32	0.16	45	0.6	NA	NA	8	"0"
"acs"	"3"	3.67	7.49	0.11	46	0.5	NA	NA	8	"0"
"acs"	"3"	2.85	7.46	0.05	30	0.62	NA	NA	8	"0"
"acs"	"3"	3.85	7.62	0.1	40	0.47	NA	NA	9	"0"
"acs"	"3"	3.82	7.64	0.12	46	0.52	NA	NA	8	"0"
"eas"	"3"	2.62	3.85	0.64	75	NA	NA	77	17	"0"
"eas"	"3"	1.45	2.76	0.81	68	NA	NA	464	22	"0"
"acs"	"3"	4.08	7.36	0.5	56	0.65	NA	NA	42	"1"
"acs"	"3"	2.62	6.74	0.97	22	0.09	NA	NA	25	"1"
"mmas"	"3"	0.89	5.65	0.94	34	NA	NA	NA	33	"0"
"ras"	"3"	2.38	0.68	0.8	54	NA	15	NA	43	"1"
"acs"	"3"	1.81	5.7	0.92	44	0.07	NA	NA	17	"0"
"acs"	"3"	2.65	9.5	0.7	31	0.09	NA	NA	24	"1"
"acs"	"3"	2.44	5.55	0.74	42	0.28	NA	NA	36	"0"
"acs"	"3"	3.07	6.86	0.97	56	0.26	NA	NA	18	"0"
"acs"	"3"	2.26	7.66	0.83	36	0.43	NA	NA	22	"0"
"ras"	"3"	2.39	0.43	0.58	51	NA	13	NA	35	"1"
"acs"	"3"	3.16	6.23	0.96	64	0.14	NA	NA	15	"0"
"ras"	"3"	2.41	1.6	0.86	52	NA	18	NA	35	"1"
"acs"	"3"	3.41	5.58	0.9	64	0.04	NA	NA	16	"0"
"acs"	"3"	1.74	3.82	0.82	38	0.06	NA	NA	10	"0"
"ras"	"3"	2.58	0.85	0.65	59	NA	18	NA	35	"1"
"acs"	"3"	3.02	5.35	0.93	64	0.2	NA	NA	13	"0"
"ras"	"3"	2.25	0.48	0.59	53	NA	14	NA	31	"1"
"ras"	"3"	2.46	0.21	0.6	51	NA	17	NA	35	"1"
"ras"	"3"	2.26	0.38	0.64	53	NA	17	NA	32	"1"
"ras"	"3"	2.21	0.03	0.64	53	NA	11	NA	32	"1"
"ras"	"3"	2.35	0.75	0.67	50	NA	16	NA	31	"1"
"ras"	"3"	2.25	0.36	0.66	51	NA	17	NA	31	"1"
"ras"	"3"	2.26	0.25	0.55	49	NA	13	NA	34	"1"
"as"	"3"	4.34	1.06	0.51	65	NA	NA	NA	8	"0"
"eas"	"3"	2.78	5.43	0.44	83	NA	NA	360	45	"0"
"acs"	"3"	4.34	8.36	0.61	10	0.7	NA	NA	42	"0"
"acs"	"3"	2.38	0.57	0.33	44	0.96	NA	NA	40	"0"
"acs"	"3"	4.26	3.87	0.38	13	0.11	NA	NA	40	"1"
"acs"	"3"	1.8	1.27	0.91	42	0.64	NA	NA	34	"0"
"acs"	"3"	2.17	2.78	0.85	15	0.6	NA	NA	24	"1"
"acs"	"3"	2.14	1.62	0.93	46	0.49	NA	NA	29	"0"
"ras"	"3"	2.16	1.4	0.98	68	NA	16	NA	31	"0"
"acs"	"3"	2.5	0.42	0.87	35	0.74	NA	NA	15	"0"
"acs"	"3"	1.14	2.96	0.88	20	0.84	NA	NA	17	"0"
"acs"	"3"	3.3	9.21	0.68	21	0.52	NA	NA	46	"0"
"ras"	"3"	2.61	0.51	0.99	68	NA	37	NA	38	"0"
"acs"	"3"	2.51	0.38	0.92	24	0.83	NA	NA	11	"0"
"ras"	"3"	2.74	1.55	0.93	71	NA	20	NA	35	"0"
"ras"	"3"	2.34	0.7	0.98	71	NA	17	NA	36	"0"
"ras"	"3"	3.05	0.65	1	69	NA	42	NA	34	"0"
"ras"	"3"	2.97	1.45	0.98	77	NA	26	NA	37	"0"
"ras"	"3"	2.47	1.85	0.92	59	NA	14	NA	34	"0"
"ras"	"3"	2.3	0.78	0.98	66	NA	18	NA	35	"0"
"ras"	"3"	2.43	0.92	0.92	66	NA	17	NA	36	"0"
"ras"	"3"	2.61	0.77	0.96	74	NA	24	NA	37	"0"
"ras"	"3"	2.35	0.7	0.94	65	NA	14	NA	33	"0"
"ras"	"3"	2.38	0.89	0.96	62	NA	13	NA	36	"0"
"ras"	"3"	2.8	1.51	0.98	66	NA	20	NA	34	"0"
"ras"	"3"	2.38	1.03	0.9	69	NA	22	NA	34	"0"
"ras"	"3"	2.39	0.79	0.93	64	NA	13	NA	35	"0"
"mmas"	"3"	1.01	1.79	0.74	67	NA	NA	NA	32	"0"
"ras"	"3"	4.48	2.81	0.44	68	NA	49	NA	8	"1"
"acs"	"3"	2.82	2.12	0.19	10	0.21	NA	NA	43	"0"
"mmas"	"3"	4.31	4.68	0.11	32	NA	NA	NA	43	"1"
"acs"	"3"	4.04	0.66	0.01	12	0.16	NA	NA	43	"1"
"acs"	"3"	2.98	7.85	0.36	34	0.52	NA	NA	36	"0"
"acs"	"3"	2.64	5.41	0.6	50	0.67	NA	NA	7	"1"
"mmas"	"3"	3.44	4.67	0.15	16	NA	NA	NA	49	"0"
"acs"	"3"	4.14	6.65	0.25	47	0.24	NA	NA	41	"0"
"acs"	"3"	4.79	0.55	0.33	10	0.53	NA	NA	34	"1"
"mmas"	"3"	4.38	5.61	0.23	69	NA	NA	NA	37	"0"
"acs"	"3"	3.89	1.18	0.34	42	0.06	NA	NA	33	"1"
"acs"	"3"	3.9	8.24	0.18	50	0.17	NA	NA	37	"1"
"acs"	"3"	2.42	8.79	0.42	36	0.1	NA	NA	40	"0"
"acs"	"3"	2.63	7.94	0.32	38	0.24	NA	NA	44	"1"
"mmas"	"3"	4.03	5.79	0.21	28	NA	NA	NA	43	"0"
"acs"	"3"	4.78	9.56	0.24	58	0.28	NA	NA	31	"0"
"acs"	"3"	4.19	8.52	0.21	49	0.43	NA	NA	30	"1"
"mmas"	"3"	2.91	4.55	0.23	21	NA	NA	NA	42	"0"
"mmas"	"3"	3.49	4.5	0.14	11	NA	NA	NA	50	"0"
"mmas"	"3"	3.56	5.16	0.15	18	NA	NA	NA	40	"0"
"mmas"	"3"	3.79	4.38	0.17	17	NA	NA	NA	50	"0"
"mmas"	"3"	3.8	3.74	0.09	16	NA	NA	NA	50	"0"
"mmas"	"3"	3.45	4	0.11	16	NA	NA	NA	47	"0"
"acs"	"3"	4.08	8.34	0.27	51	0.37	NA	NA	28	"1"
"acs"	"3"	4.47	8.35	0.16	47	0.28	NA	NA	28	"1"
"acs"	"3"	4.31	8.78	0.22	49	0.44	NA	NA	29	"1"
"acs"	"3"	4.72	8.12	0.18	52	0.31	NA	NA	26	"1"
"eas"	"3"	1.82	3.51	0.98	95	NA	NA	229	49	"0"
"acs"	"3"	2.21	8.66	0.22	7	0.72	NA	NA	38	"0"
"mmas"	"3"	3.83	6.3	0.24	36	NA	NA	NA	43	"0"
"mmas"	"3"	4.26	4.7	0.12	29	NA	NA	NA	20	"1"
"ras"	"3"	4.5	2.86	0.93	58	NA	26	NA	30	"1"
"acs"	"3"	2.45	2.5	0.98	49	0.05	NA	NA	25	"0"
"mmas"	"3"	4.62	4.24	0.05	13	NA	NA	NA	30	"1"
"mmas"	"3"	4.53	3.35	0.14	26	NA	NA	NA	26	"1"
"ras"	"3"	2.69	1.67	0.97	51	NA	29	NA	24	"0"
"ras"	"3"	3.38	4.51	0.88	52	NA	23	NA	30	"0"
"ras"	"3"	2.64	3.36	0.92	49	NA	20	NA	27	"0"
"mmas"	"3"	3.68	3.72	0.12	27	NA	NA	NA	19	"1"
"ras"	"3"	2.38	1.65	0.84	58	NA	17	NA	27	"0"
"ras"	"3"	2.66	2.28	0.88	50	NA	10	NA	21	"0"
"ras"	"3"	2.23	0.85	0.79	53	NA	21	NA	25	"0"
"ras"	"3"	2.37	1.13	0.87	54	NA	14	NA	30	"0"
"ras"	"3"	2.5	3.47	0.93	51	NA	11	NA	25	"0"
"ras"	"3"	2.44	2.55	0.87	49	NA	14	NA	27	"0"
"ras"	"3"	2.3	1.08	0.83	52	NA	12	NA	29	"0"
"ras"	"3"	2.32	1.79	0.86	63	NA	17	NA	29	"0"
"ras"	"3"	2.6	2.96	0.94	51	NA	17	NA	28	"0"
"ras"	"3"	2.27	2.02	0.72	51	NA	17	NA	24	"0"
"ras"	"3"	2.28	1.12	0.84	54	NA	15	NA	29	"0"
"ras"	"3"	2.21	1.43	0.7	52	NA	16	NA	22	"0"
"ras"	"3"	2.29	1.66	0.87	63	NA	15	NA	30	"0"
"ras"	"3"	2.29	1.22	0.82	54	NA	14	NA	29	"0"
"ras"	"3"	2.36	1.2	0.71	48	NA	15	NA	21	"0"
"ras"	"3"	2.36	1.89	0.87	62	NA	18	NA	30	"0"
"as"	"3"	3.86	0.54	0.05	19	NA	NA	NA	19	"1"
"ras"	"3"	3.91	4.82	0.5	24	NA	16	NA	25	"0"
"mmas"	"3"	4.23	8.76	0.24	13	NA	NA	NA	35	"1"
"mmas"	"3"	4.8	2.78	0.18	79	NA	NA	NA	44	"0"
"acs"	"3"	4.24	6.41	0.39	23	0.22	NA	NA	27	"1"
"ras"	"3"	3.91	4.53	0.46	39	NA	20	NA	37	"0"
"mmas"	"3"	4.07	7.8	0.12	16	NA	NA	NA	38	"1"
"ras"	"3"	2.97	3.46	0.6	37	NA	22	NA	22	"0"
"ras"	"3"	4.22	6.12	0.74	58	NA	11	NA	43	"0"
"ras"	"3"	4.05	3.19	0.68	39	NA	18	NA	27	"0"
"mmas"	"3"	4.7	6.24	0.12	16	NA	NA	NA	39	"1"
"mmas"	"3"	4.29	8.35	0.14	17	NA	NA	NA	32	"1"
"ras"	"3"	3.01	4.07	0.61	36	NA	12	NA	22	"0"
"ras"	"3"	2.57	2.58	0.62	41	NA	15	NA	20	"0"
"ras"	"3"	2.48	2.74	0.61	41	NA	13	NA	22	"0"
"ras"	"3"	2.33	1.78	0.56	42	NA	18	NA	25	"0"
"ras"	"3"	2.05	2.44	0.58	33	NA	8	NA	18	"0"
"ras"	"3"	2.66	3.82	0.71	39	NA	11	NA	21	"0"
"ras"	"3"	2.43	3.34	0.59	37	NA	12	NA	23	"0"
"ras"	"3"	2.32	1.53	0.51	46	NA	17	NA	25	"0"
"ras"	"3"	2.37	2.71	0.64	37	NA	16	NA	19	"0"
"ras"	"3"	2.42	3.21	0.57	40	NA	11	NA	24	"0"
"ras"	"3"	2.44	3.18	0.62	47	NA	12	NA	19	"0"
"ras"	"3"	2.36	2.74	0.61	48	NA	13	NA	19	"0"
"ras"	"3"	4.14	6.27	0.87	86	NA	6	NA	32	"0"
"mmas"	"3"	1.95	5.65	0.56	32	NA	NA	NA	6	"0"
"mmas"	"3"	3.94	9.32	0.4	78	NA	NA	NA	16	"1"
"acs"	"3"	1.34	3.11	0.68	35	0.79	NA	NA	34	"1"
"acs"	"3"	3.21	1.47	0.6	36	0.74	NA	NA	17	"1"
"eas"	"3"	1.78	5.59	0.86	57	NA	NA	160	23	"0"
"acs"	"3"	4.08	2.48	0.58	66	0.83	NA	NA	16	"0"
"acs"	"3"	2.05	1.44	0.85	54	0.77	NA	NA	30	"0"
"acs"	"3"	2.01	3.69	0.88	42	0.65	NA	NA	35	"0"
"acs"	"3"	1.34	2.67	0.99	36	0.86	NA	NA	16	"1"
"ras"	"3"	3.91	5.03	0.96	91	NA	13	NA	48	"0"
"ras"	"3"	4.17	3.09	0.92	96	NA	16	NA	50	"0"
"acs"	"3"	3.86	3.44	0.62	74	0.64	NA	NA	9	"0"
"ras"	"3"	3.55	4.05	0.88	89	NA	14	NA	37	"0"
"ras"	"3"	3.89	4.84	0.97	83	NA	17	NA	44	"1"
"acs"	"3"	3.31	3.14	0.61	63	0.57	NA	NA	11	"0"
"ras"	"3"	3.92	4.42	0.89	84	NA	13	NA	47	"0"
"ras"	"3"	3.96	7.22	0.97	76	NA	10	NA	39	"0"
"ras"	"3"	3.03	2.87	0.93	78	NA	19	NA	41	"0"
"ras"	"3"	2.92	3.46	0.95	80	NA	16	NA	43	"0"
"ras"	"3"	3.59	4.05	0.77	92	NA	11	NA	39	"0"
"ras"	"3"	3.06	2.15	0.93	75	NA	21	NA	39	"0"
"ras"	"3"	2.93	2.94	0.95	78	NA	12	NA	41	"0"
"acs"	"3"	2.72	4.15	0.46	58	0.54	NA	NA	9	"0"
"ras"	"3"	2.75	1.68	0.84	75	NA	16	NA	41	"0"
"ras"	"3"	2.61	2.78	0.95	81	NA	9	NA	37	"0"
"ras"	"3"	3.13	1.37	0.87	72	NA	22	NA	39	"0"
"ras"	"3"	2.84	1.8	0.81	73	NA	17	NA	40	"0"
"ras"	"3"	2.61	1.13	0.86	72	NA	15	NA	40	"0"
"ras"	"3"	2.46	1.05	0.9	70	NA	16	NA	41	"0"
"ras"	"3"	2.45	0.84	0.9	69	NA	15	NA	42	"0"
"as"	"3"	4.23	4.46	0.83	27	NA	NA	NA	44	"1"
"acs"	"3"	3.55	2.07	0.17	24	0.23	NA	NA	10	"0"
"acs"	"3"	2.63	7.72	0.41	32	0.91	NA	NA	18	"0"
"acs"	"3"	3.49	5.32	0.27	34	0.68	NA	NA	19	"1"
"mmas"	"3"	3.57	6.3	0.18	15	NA	NA	NA	12	"0"
"acs"	"3"	3.71	8.06	0.82	71	0.69	NA	NA	8	"1"
"acs"	"3"	3.92	5.92	0.25	52	0.04	NA	NA	21	"1"
"acs"	"3"	3.94	6.26	0.15	41	0.3	NA	NA	11	"0"
"acs"	"3"	4.59	9.74	0.35	61	0.35	NA	NA	15	"0"
"acs"	"3"	2.8	6.78	0.89	67	0.96	NA	NA	10	"1"
"acs"	"3"	3.28	7.47	0.34	48	0.01	NA	NA	11	"1"
"acs"	"3"	3.81	7.43	0.62	62	0.7	NA	NA	11	"1"
"acs"	"3"	3.39	6.48	0.1	41	0.33	NA	NA	15	"0"
"acs"	"3"	3.98	7.14	0.8	68	0.68	NA	NA	10	"1"
"acs"	"3"	2.95	7.12	0.59	58	0.69	NA	NA	12	"1"
"acs"	"3"	3.93	6.72	0.62	66	0.66	NA	NA	11	"1"
"acs"	"3"	3.57	6.97	0.1	38	0.27	NA	NA	17	"0"
"acs"	"3"	4.07	7.02	0.9	72	0.66	NA	NA	9	"1"
"acs"	"3"	3.43	6.88	0.13	39	0.12	NA	NA	13	"0"
"acs"	"3"	3.33	7.07	0.13	42	0.25	NA	NA	14	"0"
"acs"	"3"	3.46	6.86	0.07	38	0.17	NA	NA	11	"0"
"acs"	"3"	3.38	6.6	0.08	41	0.21	NA	NA	10	"0"
"acs"	"3"	3.26	7.01	0.14	41	0.28	NA	NA	14	"0"
"acs"	"3"	3.55	7.05	0.1	38	0.1	NA	NA	14	"0"
"acs"	"3"	3.52	7.01	0.1	40	0.2	NA	NA	11	"0"
"acs"	"3"	4.72	0.07	0.13	55	0.03	NA	NA	12	"0"
"as"	"3"	2.77	0.85	0.14	6	NA	NA	NA	33	"0"
"eas"	"3"	2.57	2.18	0.85	85	NA	NA	51	31	"0"
"ras"	"3"	4.02	0.38	0.4	81	NA	7	NA	30	"0"
"acs"	"3"	2.92	6.36	0.96	17	0.21	NA	NA	29	"0"
"acs"	"3"	3.24	4.98	0.52	47	0.31	NA	NA	30	"1"
"acs"	"3"	3.95	7.98	0.88	11	0.05	NA	NA	18	"0"
"acs"	"3"	2.47	6.6	0.77	35	0.28	NA	NA	31	"0"
"acs"	"3"	3.65	6.26	0.1	36	0	NA	NA	30	"1"
"acs"	"3"	3.9	4.72	0.64	70	0.41	NA	NA	30	"0"
"acs"	"3"	2.48	5.39	0.61	48	0.51	NA	NA	28	"0"
"acs"	"3"	3.98	6.36	0.77	68	0.19	NA	NA	38	"0"
"acs"	"3"	3.03	3.73	0.56	58	0.47	NA	NA	29	"0"
"acs"	"3"	2.47	3.41	0.44	54	0.36	NA	NA	18	"0"
"acs"	"3"	3.62	4.66	0.66	67	0.24	NA	NA	17	"0"
"acs"	"3"	3.65	5.45	0.57	64	0.35	NA	NA	15	"0"
"acs"	"3"	3.3	3.07	0.56	65	0.33	NA	NA	12	"0"
"acs"	"3"	3.47	3.31	0.75	66	0.35	NA	NA	17	"0"
"acs"	"3"	4.02	5.49	0.52	64	0.36	NA	NA	11	"0"
"acs"	"3"	3.26	3.56	0.73	65	0.46	NA	NA	18	"0"
"acs"	"3"	3.68	5.88	0.44	62	0.24	NA	NA	16	"0"
"acs"	"3"	2.66	2.74	0.65	58	0.32	NA	NA	14	"0"
"acs"	"3"	3.59	5.27	0.52	63	0.32	NA	NA	15	"0"
"acs"	"3"	3.73	5.46	0.43	60	0.21	NA	NA	16	"0"
"acs"	"3"	3.88	5.86	0.52	66	0.42	NA	NA	9	"0"
"acs"	"3"	4.14	5.18	0.48	68	0.39	NA	NA	10	"0"
"acs"	"3"	3.42	5.45	0.58	61	0.37	NA	NA	15	"0"
"acs"	"3"	3.46	5.21	0.53	66	0.42	NA	NA	14	"0"
"mmas"	"3"	2.53	3.14	0.26	25	NA	NA	NA	13	"0"
"acs"	"3"	4.97	7.02	0.58	66	0.16	NA	NA	25	"0"
"acs"	"3"	4.33	5.65	0.25	56	0.22	NA	NA	18	"0"
"acs"	"3"	4.81	7.3	0.21	52	0.39	NA	NA	45	"1"
"acs"	"3"	4.88	5.87	0.39	66	0.13	NA	NA	20	"0"
"acs"	"3"	3.91	7.52	0.44	56	0.03	NA	NA	38	"0"
"acs"	"3"	4.45	8.62	0.51	61	0.13	NA	NA	18	"0"
"acs"	"3"	3.75	3.58	0.3	52	0.24	NA	NA	20	"0"
"acs"	"3"	4.18	7.63	0.13	48	0.54	NA	NA	36	"1"
"acs"	"3"	3.91	6.06	0.22	53	0.52	NA	NA	46	"1"
"acs"	"3"	4.36	6.34	0.29	54	0.2	NA	NA	13	"0"
"acs"	"3"	4.6	9.1	0.56	64	0.16	NA	NA	17	"0"
"acs"	"3"	3.6	4.56	0.28	53	0.21	NA	NA	19	"0"
"acs"	"3"	4.2	8.43	0.66	63	0.15	NA	NA	19	"0"
"acs"	"3"	4.27	7.19	0.27	56	0.25	NA	NA	13	"0"
"acs"	"3"	4.29	5.62	0.17	52	0.32	NA	NA	15	"0"
"acs"	"3"	4.45	6.97	0.25	58	0.13	NA	NA	11	"0"
"acs"	"3"	4.15	7.14	0.28	56	0.21	NA	NA	11	"0"
"acs"	"3"	4.23	9.51	0.74	63	0.18	NA	NA	17	"0"
"acs"	"3"	4.32	7.32	0.34	56	0.28	NA	NA	12	"0"
"acs"	"3"	4.28	7.62	0.35	54	0.27	NA	NA	13	"0"
"acs"	"3"	4.19	7.01	0.25	54	0.27	NA	NA	14	"0"
"acs"	"3"	4.01	7.08	0.28	57	0.26	NA	NA	14	"0"
"acs"	"3"	4.38	7.71	0.27	58	0.28	NA	NA	11	"0"
"acs"	"3"	2.64	4.42	0.95	21	0.36	NA	NA	23	"1"
"mmas"	"3"	2.66	5.63	0.44	52	NA	NA	NA	38	"0"
"eas"	"3"	1.23	3.45	0.76	40	NA	NA	357	23	"1"
"acs"	"3"	2.92	2.04	0.56	24	0.18	NA	NA	34	"1"
"ras"	"3"	2.96	1.62	0.33	36	NA	19	NA	44	"0"
"acs"	"3"	2.25	5.07	0.81	24	0.53	NA	NA	43	"1"
"acs"	"3"	2.38	6.22	0.63	54	0.92	NA	NA	40	"1"
"acs"	"3"	2.78	3.18	0.99	17	0.21	NA	NA	25	"0"
"ras"	"3"	2.54	2.48	0.81	61	NA	9	NA	9	"0"
"acs"	"3"	2.62	3.9	0.56	62	0.63	NA	NA	10	"0"
"ras"	"3"	2.53	1.54	0.57	46	NA	30	NA	11	"0"
"ras"	"3"	2.45	3.43	0.92	61	NA	14	NA	18	"0"
"ras"	"3"	2.49	3.33	0.78	61	NA	19	NA	20	"0"
"ras"	"3"	3.05	0.86	0.3	39	NA	12	NA	44	"0"
"ras"	"3"	2.8	0.95	0.41	51	NA	15	NA	39	"0"
"ras"	"3"	2.13	1.1	0.78	47	NA	20	NA	12	"0"
"ras"	"3"	2.43	3.24	0.95	55	NA	14	NA	22	"0"
"ras"	"3"	2.28	1.1	0.84	48	NA	17	NA	12	"0"
"ras"	"3"	2.54	2.7	0.71	48	NA	16	NA	19	"0"
"ras"	"3"	2.57	3.57	0.86	55	NA	14	NA	17	"0"
"ras"	"3"	2.29	2.93	0.92	51	NA	15	NA	22	"0"
"ras"	"3"	2.35	3.7	0.98	45	NA	12	NA	23	"0"
"ras"	"3"	2.32	1.4	0.82	51	NA	17	NA	12	"0"
"ras"	"3"	2.51	3.66	0.89	57	NA	14	NA	17	"0"
"ras"	"3"	2.34	2.73	0.94	53	NA	16	NA	22	"0"
"ras"	"3"	2.51	3.55	0.87	54	NA	11	NA	16	"0"
"acs"	"3"	3.59	7.33	0.22	30	0.88	NA	NA	49	"1"
"mmas"	"3"	1.71	1.08	0.59	66	NA	NA	NA	32	"1"
"mmas"	"3"	4.37	7.64	0.31	9	NA	NA	NA	47	"0"
"eas"	"3"	2.3	7.41	0.63	55	NA	NA	475	43	"1"
"acs"	"3"	3.41	7.41	0.39	16	0.39	NA	NA	22	"1"
"mmas"	"3"	3.67	6.85	0.16	14	NA	NA	NA	45	"0"
"ras"	"3"	3.65	2.49	0.63	79	NA	45	NA	40	"0"
"acs"	"3"	2.19	4.85	0.74	60	0.45	NA	NA	39	"1"
"acs"	"3"	3.4	7.3	0.24	42	0.48	NA	NA	48	"1"
"acs"	"3"	4.03	2.95	0.11	46	0.44	NA	NA	30	"0"
"mmas"	"3"	3.83	5.16	0.19	23	NA	NA	NA	47	"0"
"mmas"	"3"	2.97	5.24	0.14	18	NA	NA	NA	18	"1"
"acs"	"3"	2.27	5.53	0.13	31	0.86	NA	NA	46	"0"
"mmas"	"3"	2.45	3.96	0.15	15	NA	NA	NA	16	"1"
"acs"	"3"	3.67	3.73	0.09	44	0.56	NA	NA	31	"0"
"acs"	"3"	3.81	2.3	0.13	51	0.38	NA	NA	26	"0"
"acs"	"3"	2.73	4.61	0.03	30	0.87	NA	NA	47	"0"
"acs"	"3"	4.52	3.32	0.08	48	0.51	NA	NA	30	"0"
"acs"	"3"	3.77	4.79	0.11	47	0.53	NA	NA	30	"0"
"acs"	"3"	2.96	4.57	0.04	31	0.88	NA	NA	42	"0"
"acs"	"3"	3.73	4.11	0.07	43	0.6	NA	NA	35	"0"
"acs"	"3"	3.99	3.78	0.1	47	0.52	NA	NA	31	"0"
"acs"	"3"	3.85	4.98	0.13	50	0.61	NA	NA	32	"0"
"acs"	"3"	4.07	3.58	0.09	48	0.48	NA	NA	30	"0"
"acs"	"3"	4	5.16	0.11	45	0.49	NA	NA	30	"0"
"acs"	"3"	3.71	3.63	0.12	47	0.46	NA	NA	30	"0"
"acs"	"3"	3.95	5.18	0.09	46	0.49	NA	NA	31	"0"
"acs"	"3"	3.8	4.79	0.1	48	0.55	NA	NA	30	"0"
"acs"	"3"	4.14	3.7	0.1	49	0.43	NA	NA	30	"0"
"ras"	"3"	3.63	7.26	0.34	6	NA	18	NA	24	"0"
"mmas"	"3"	1.52	4.6	0.69	20	NA	NA	NA	35	"1"
"mmas"	"3"	2.18	8.27	0.53	9	NA	NA	NA	47	"1"
"acs"	"3"	1.99	1.41	0.48	39	0.48	NA	NA	42	"1"
"acs"	"3"	3.06	6.38	0.85	6	0.26	NA	NA	26	"1"
"acs"	"3"	2.33	1.61	0.83	33	0.61	NA	NA	28	"0"
"acs"	"3"	2.96	6.02	0.83	15	0.39	NA	NA	29	"1"
"ras"	"3"	2.35	2.55	0.74	27	NA	15	NA	44	"1"
"acs"	"3"	4.24	2.96	0.44	60	0.36	NA	NA	26	"0"
"acs"	"3"	3.45	3.07	1	10	0.52	NA	NA	39	"0"
"acs"	"3"	3.06	0.8	0.37	54	0.69	NA	NA	31	"0"
"acs"	"3"	2.45	7	0.84	19	0.49	NA	NA	31	"1"
"acs"	"3"	3.08	6.53	0.73	19	0.43	NA	NA	36	"1"
"acs"	"3"	4.47	2.83	0.55	64	0.26	NA	NA	23	"0"
"acs"	"3"	3.59	2.48	0.56	60	0.21	NA	NA	22	"0"
"ras"	"3"	2.23	2.67	0.86	26	NA	10	NA	41	"1"
"ras"	"3"	2.43	2.09	0.79	25	NA	11	NA	42	"1"
"ras"	"3"	2.24	2.36	0.71	26	NA	13	NA	47	"1"
"acs"	"3"	3.34	2.59	0.53	60	0.18	NA	NA	20	"0"
"ras"	"3"	2.35	2.3	0.74	32	NA	11	NA	47	"1"
"ras"	"3"	2.31	2.5	0.73	32	NA	13	NA	45	"1"
"ras"	"3"	2.62	1.97	0.71	37	NA	11	NA	47	"1"
"ras"	"3"	2.2	1.56	0.75	35	NA	12	NA	46	"1"
"ras"	"3"	2.56	1.91	0.71	36	NA	15	NA	46	"1"
"acs"	"3"	3.41	2.8	0.51	61	0.16	NA	NA	20	"0"
"acs"	"3"	3.95	3.77	0.71	15	0.73	NA	NA	6	"1"
"eas"	"3"	3.01	9.39	0.28	45	NA	NA	469	49	"1"
"eas"	"3"	1.49	6.03	0.6	43	NA	NA	697	25	"0"
"ras"	"3"	2.76	1.15	0.77	72	NA	13	NA	38	"1"
"acs"	"3"	3.98	2.13	0.69	14	0.1	NA	NA	42	"0"
"ras"	"3"	4.89	6.37	0.76	34	NA	26	NA	29	"0"
"acs"	"3"	3.16	3.62	0.02	27	0.84	NA	NA	8	"0"
"acs"	"3"	1.75	2.59	0.13	23	0.43	NA	NA	7	"0"
"ras"	"3"	2.61	1.02	0.94	88	NA	19	NA	36	"1"
"acs"	"3"	3.01	5.41	0.15	48	0.52	NA	NA	12	"0"
"ras"	"3"	3.78	0.91	0.93	58	NA	29	NA	49	"1"
"ras"	"3"	2.54	0.86	0.95	98	NA	17	NA	40	"1"
"ras"	"3"	2.81	3.33	0.84	78	NA	10	NA	37	"1"
"acs"	"3"	2.69	5.12	0.04	27	0.42	NA	NA	12	"0"
"ras"	"3"	2.94	2.54	0.96	86	NA	22	NA	42	"1"
"acs"	"3"	2.92	4.46	0.02	24	0.37	NA	NA	10	"0"
"acs"	"3"	2.81	5.47	0.1	35	0.52	NA	NA	9	"0"
"acs"	"3"	2.69	4.08	0.04	24	0.3	NA	NA	12	"0"
"acs"	"3"	2.92	5.11	0.03	32	0.65	NA	NA	8	"0"
"acs"	"3"	2.88	5.14	0.07	37	0.58	NA	NA	10	"0"
"acs"	"3"	2.74	5.89	0.02	19	0.45	NA	NA	9	"0"
"acs"	"3"	2.67	5.71	0.09	40	0.6	NA	NA	13	"0"
"acs"	"3"	2.63	4.46	0.07	36	0.69	NA	NA	8	"0"
"acs"	"3"	3.13	5.52	0.04	34	0.66	NA	NA	11	"0"
"acs"	"3"	3.32	4.61	0.08	41	0.56	NA	NA	11	"0"
"acs"	"3"	2.64	5.29	0.13	42	0.62	NA	NA	14	"0"
"acs"	"3"	3.09	5.29	0.11	41	0.5	NA	NA	9	"0"
"acs"	"3"	3.21	5.46	0.05	38	0.68	NA	NA	11	"0"
"acs"	"3"	2.62	5.45	0.14	42	0.6	NA	NA	13	"0"
"acs"	"3"	3.09	5.53	0.04	33	0.67	NA	NA	11	"0"
"acs"	"3"	1.59	4.93	0.96	61	0.63	NA	NA	19	"1"
"as"	"3"	4.4	3.06	0.65	7	NA	NA	NA	44	"1"
"acs"	"3"	2.32	7.54	0.72	5	0.25	NA	NA	16	"0"
"acs"	"3"	2.92	9.95	0.56	51	0.2	NA	NA	33	"0"
"acs"	"3"	2.95	8.02	0.78	10	0.4	NA	NA	10	"0"
"acs"	"3"	3.88	4.21	0.28	59	0.48	NA	NA	21	"0"
"acs"	"3"	3.9	7.81	0.32	51	0.53	NA	NA	27	"0"
"acs"	"3"	3.16	0.54	0.02	20	0.2	NA	NA	22	"0"
"acs"	"3"	1.54	7.54	0.66	24	0.4	NA	NA	8	"0"
"acs"	"3"	3.05	9.73	0.65	51	0.01	NA	NA	30	"0"
"acs"	"3"	4.2	0.55	0.03	11	0.35	NA	NA	27	"1"
"acs"	"3"	4.5	2.26	0.28	62	0.37	NA	NA	16	"0"
"acs"	"3"	3.09	9.33	0.64	49	0.11	NA	NA	24	"0"
"acs"	"3"	2.85	9.01	0.46	40	0.19	NA	NA	28	"0"
"acs"	"3"	3.94	9.99	0.67	56	0.09	NA	NA	36	"0"
"acs"	"3"	4.75	3.64	0.19	53	0.41	NA	NA	13	"0"
"acs"	"3"	4.89	4.28	0.25	61	0.32	NA	NA	10	"0"
"acs"	"3"	3.31	9.46	0.58	47	0.1	NA	NA	24	"0"
"acs"	"3"	4.07	4.57	0.12	46	0.41	NA	NA	17	"0"
"acs"	"3"	4.44	2.83	0.16	50	0.44	NA	NA	18	"0"
"acs"	"3"	3.84	4.75	0.09	49	0.36	NA	NA	17	"0"
"acs"	"3"	4	4.59	0.07	43	0.42	NA	NA	20	"0"
"acs"	"3"	4.66	4.52	0.18	56	0.27	NA	NA	14	"0"
"acs"	"3"	4.86	3.8	0.27	64	0.3	NA	NA	9	"0"
"acs"	"3"	4.64	4.64	0.15	54	0.28	NA	NA	14	"0"
"acs"	"3"	4.94	3.58	0.3	66	0.3	NA	NA	11	"0"
"acs"	"3"	4.58	4.46	0.13	52	0.25	NA	NA	15	"0"
"acs"	"3"	4.61	4.82	0.16	54	0.26	NA	NA	13	"0"
"ras"	"3"	3.85	4.3	0.92	66	NA	55	NA	46	"0"
"eas"	"3"	1.51	7.11	0.2	9	NA	NA	421	33	"1"
"ras"	"3"	3.19	2.03	0.41	27	NA	7	NA	49	"1"
"acs"	"3"	2.93	3.19	0.36	19	0.66	NA	NA	50	"1"
"ras"	"3"	2.24	0.12	0.75	30	NA	31	NA	47	"0"
"ras"	"3"	2.78	1.61	0.63	20	NA	22	NA	42	"0"
"acs"	"3"	2.92	0.48	0.47	34	0.11	NA	NA	39	"1"
"acs"	"3"	2.69	2.56	0.26	23	0.65	NA	NA	42	"0"
"ras"	"3"	3.6	3.45	0.87	35	NA	18	NA	49	"0"
"ras"	"3"	2.97	1.66	0.55	47	NA	28	NA	25	"1"
"acs"	"3"	3.36	1.52	0.4	39	0.04	NA	NA	24	"1"
"ras"	"3"	3.12	2.97	0.76	52	NA	22	NA	44	"0"
"ras"	"3"	2.63	1.38	0.53	33	NA	15	NA	48	"0"
"ras"	"3"	2.59	2.18	0.55	30	NA	20	NA	37	"0"
"ras"	"3"	2.44	0.22	0.42	34	NA	14	NA	48	"0"
"ras"	"3"	2.92	2.89	0.45	40	NA	10	NA	45	"0"
"ras"	"3"	2.64	1.28	0.49	43	NA	17	NA	45	"0"
"ras"	"3"	2.76	1.07	0.42	36	NA	12	NA	49	"0"
"mmas"	"3"	1.41	5.31	0.87	26	NA	NA	NA	36	"0"
"as"	"3"	4.15	2.03	0.27	40	NA	NA	NA	23	"0"
"acs"	"2"	2.9	4.53	0.51	64	0.29	NA	NA	34	"1"
"ras"	"3"	4.26	0.7	0.72	56	NA	11	NA	24	"0"
"acs"	"1"	4.58	6.33	0.41	62	0.02	NA	NA	27	"1"
"acs"	"3"	4.58	2.74	0.62	76	0.62	NA	NA	38	"1"
"ras"	"3"	2.61	4.47	0.94	57	NA	7	NA	15	"0"
"acs"	"3"	4.05	1.7	0.85	44	0.36	NA	NA	11	"1"
"ras"	"3"	4.81	3.53	0.29	25	NA	7	NA	21	"0"
"acs"	"3"	4.7	4.34	0.38	60	0.37	NA	NA	28	"0"
"ras"	"3"	2.37	1.25	0.99	28	NA	30	NA	32	"0"
"ras"	"3"	2.71	2.65	0.95	82	NA	17	NA	9	"0"
"ras"	"3"	2.46	0.94	0.79	52	NA	35	NA	25	"0"
"ras"	"3"	2.18	1.92	0.77	61	NA	16	NA	16	"0"
"ras"	"3"	2.42	2.21	0.82	75	NA	27	NA	17	"0"
"ras"	"3"	3.16	1.22	0.67	83	NA	22	NA	15	"0"
"ras"	"3"	2.41	0.42	0.95	98	NA	22	NA	18	"0"
"ras"	"3"	2.71	4.19	0.75	62	NA	11	NA	15	"0"
"ras"	"3"	2.9	3.4	0.69	56	NA	16	NA	21	"0"
"ras"	"3"	2.77	1.27	0.81	83	NA	31	NA	18	"0"
"ras"	"3"	2.63	1.86	0.86	79	NA	28	NA	17	"0"
"ras"	"3"	2.51	0.96	0.97	96	NA	22	NA	16	"0"
"ras"	"3"	2.41	0.88	0.9	98	NA	17	NA	19	"0"
"ras"	"3"	2.69	2.81	0.48	31	NA	8	NA	21	"1"
"acs"	"3"	4.25	8.43	0.54	25	0.8	NA	NA	36	"1"
"mmas"	"3"	4.8	3.28	0.28	77	NA	NA	NA	46	"1"
"eas"	"3"	2.45	5.46	0.62	44	NA	NA	749	31	"0"
"ras"	"3"	3.08	1.71	0.25	56	NA	38	NA	48	"0"
"acs"	"3"	2.8	4.36	0.36	50	0.79	NA	NA	22	"0"
"acs"	"3"	4.81	4.81	0.14	50	0.17	NA	NA	35	"0"
"mmas"	"3"	2.83	2.36	0.33	50	NA	NA	NA	39	"0"
"acs"	"3"	4.83	6.06	0.68	76	0.61	NA	NA	27	"0"
"acs"	"3"	4.03	0.66	0.18	53	0.72	NA	NA	25	"1"
"ras"	"3"	3.12	2.8	0.66	82	NA	21	NA	10	"0"
"acs"	"3"	2.63	5.53	0.58	47	0.62	NA	NA	33	"0"
"ras"	"3"	3.41	3.63	0.84	64	NA	20	NA	13	"0"
"ras"	"3"	2.76	3.14	0.72	34	NA	21	NA	22	"1"
"ras"	"3"	2.66	2.39	0.43	34	NA	11	NA	23	"1"
"ras"	"3"	3.65	3.41	0.64	62	NA	14	NA	11	"0"
"ras"	"3"	3.28	5.33	0.8	81	NA	12	NA	12	"0"
"ras"	"3"	2.22	1.34	0.47	35	NA	18	NA	22	"1"
"ras"	"3"	2.47	0.89	0.51	31	NA	11	NA	24	"1"
"ras"	"3"	2.42	2.84	0.8	43	NA	21	NA	22	"1"
"ras"	"3"	2.62	3.21	0.36	31	NA	12	NA	20	"1"
"ras"	"3"	2.48	0.25	0.44	34	NA	14	NA	18	"1"
"ras"	"3"	3.73	3.59	0.89	93	NA	11	NA	16	"0"
"ras"	"3"	2.34	0.98	0.44	42	NA	12	NA	18	"1"
"ras"	"3"	2.41	1.05	0.51	38	NA	11	NA	23	"1"
"eas"	"3"	1.4	4	0.2	15	NA	NA	497	8	"1"
"ras"	"2"	2.18	3.69	0.6	60	NA	9	NA	42	"1"
"as"	"3"	4.44	2.28	0.24	29	NA	NA	NA	12	"0"
"mmas"	"3"	4.17	9.39	0.3	70	NA	NA	NA	41	"1"
"ras"	"3"	4.64	0.96	0.76	61	NA	21	NA	11	"0"
"mmas"	"3"	4.36	3.6	0.24	5	NA	NA	NA	17	"0"
"acs"	"3"	2.55	9.41	0.14	26	0.38	NA	NA	13	"1"
"acs"	"3"	4.97	5.54	0.46	72	0.22	NA	NA	17	"0"
"ras"	"3"	4.28	1.46	0.94	96	NA	28	NA	23	"0"
"ras"	"3"	4.74	4.16	0.73	88	NA	16	NA	23	"0"
"mmas"	"3"	2.64	3.54	0.19	30	NA	NA	NA	19	"0"
"acs"	"3"	3.59	9.76	0.04	25	0.69	NA	NA	13	"1"
"mmas"	"3"	3.6	4.82	0.12	17	NA	NA	NA	8	"0"
"acs"	"3"	2.43	6.89	0.21	18	0.68	NA	NA	11	"1"
"acs"	"3"	3.47	9.54	0.04	28	0.34	NA	NA	13	"1"
"acs"	"3"	2.94	8.04	0.13	33	0.41	NA	NA	19	"1"
"acs"	"3"	3.71	7.62	0.07	34	0.46	NA	NA	13	"1"
"acs"	"3"	3.59	9.7	0.07	27	0.31	NA	NA	14	"1"
"acs"	"3"	4.29	8.11	0.09	36	0.5	NA	NA	10	"1"
"acs"	"3"	3.96	7.03	0.06	37	0.5	NA	NA	12	"1"
"acs"	"3"	3.39	7.99	0.14	40	0.46	NA	NA	15	"1"
"acs"	"3"	3.96	7.22	0.05	34	0.36	NA	NA	12	"1"
"acs"	"3"	3.34	2.02	0.81	36	0.8	NA	NA	49	"0"
"acs"	"2"	4.12	6.08	0.53	69	0.27	NA	NA	42	"0"
"acs"	"3"	2.01	0.92	0.64	29	0.54	NA	NA	44	"0"
"eas"	"3"	3.22	0.69	0.21	53	NA	NA	85	48	"0"
"acs"	"3"	3.3	2.19	0.64	44	0.51	NA	NA	45	"1"
"ras"	"3"	3.3	1.02	0.62	43	NA	49	NA	27	"1"
"acs"	"3"	1.8	4.82	0.79	22	0.21	NA	NA	29	"1"
"ras"	"3"	2.36	0.74	0.77	76	NA	27	NA	49	"1"
"acs"	"3"	2.48	1.15	0.47	15	0.78	NA	NA	23	"1"
"acs"	"3"	3.71	0.29	0.71	13	0.56	NA	NA	38	"0"
"acs"	"3"	3.51	5.52	0.38	22	0.19	NA	NA	41	"1"
"acs"	"3"	3.57	0.68	0.99	32	0.11	NA	NA	44	"1"
"acs"	"3"	3.77	4.24	0.61	7	0.58	NA	NA	39	"1"
"ras"	"3"	2.72	0.77	0.64	48	NA	24	NA	50	"1"
"acs"	"3"	2	2.49	0.51	15	0.92	NA	NA	15	"1"
"acs"	"3"	2.18	2.16	0.54	5	0.91	NA	NA	20	"1"
"ras"	"3"	2.49	1.38	0.6	69	NA	10	NA	45	"1"
"ras"	"3"	2.41	0.56	0.71	30	NA	21	NA	47	"1"
"ras"	"3"	2.18	1.18	0.54	49	NA	10	NA	50	"1"
"ras"	"3"	2.46	0.59	0.8	55	NA	15	NA	45	"1"
"ras"	"3"	2.35	1.75	0.75	62	NA	18	NA	42	"1"
"ras"	"3"	2.45	0.7	0.58	50	NA	21	NA	47	"1"
"acs"	"3"	3.07	5.19	0.46	78	0.65	NA	NA	10	"0"
"acs"	"3"	4.24	4.72	0.78	52	0.11	NA	NA	16	"1"
"acs"	"2"	3.14	8.15	0.56	55	0.58	NA	NA	24	"1"
"mmas"	"3"	2.64	7.92	0.8	86	NA	NA	NA	38	"1"
"acs"	"3"	2.59	7.31	0.42	29	0.27	NA	NA	13	"0"
"acs"	"3"	2.24	6.88	0.52	55	0.89	NA	NA	34	"0"
"acs"	"3"	2.05	3.71	0.78	37	0.74	NA	NA	22	"0"
"acs"	"3"	2.12	7.07	0.49	39	0.56	NA	NA	24	"1"
"acs"	"3"	2.04	7.34	0.62	34	0.3	NA	NA	19	"0"
"acs"	"3"	2.83	7.37	0.59	28	0.34	NA	NA	13	"0"
"acs"	"3"	1.86	5.89	0.48	44	0.83	NA	NA	24	"0"
"acs"	"3"	2.41	7.77	0.49	50	0.63	NA	NA	15	"0"
"acs"	"3"	2.05	6.28	0.49	37	0.16	NA	NA	11	"0"
"acs"	"3"	2.21	7.93	0.44	43	0.7	NA	NA	19	"0"
"acs"	"3"	2.68	8.58	0.65	30	0.47	NA	NA	16	"0"
"acs"	"3"	2.53	7.71	0.58	31	0.33	NA	NA	13	"0"
"acs"	"3"	2.38	6.33	0.4	43	0.43	NA	NA	22	"0"
"acs"	"3"	2.26	6.11	0.29	45	0.48	NA	NA	13	"0"
"acs"	"3"	2.69	8.34	0.29	45	0.66	NA	NA	20	"0"
"mmas"	"3"	2.65	8.82	0.5	97	NA	NA	NA	25	"0"
"acs"	"3"	3.36	3.98	0.7	6	0.35	NA	NA	14	"0"
"mmas"	"3"	3.47	1.71	0.06	14	NA	NA	NA	31	"1"
"eas"	"3"	4.41	7.34	0.99	44	NA	NA	23	22	"1"
"acs"	"3"	2.69	7.65	0.52	17	0.51	NA	NA	27	"0"
"mmas"	"3"	0.82	4.75	0.79	10	NA	NA	NA	9	"0"
"acs"	"3"	2.97	7.65	0.48	47	0.79	NA	NA	41	"1"
"acs"	"3"	3.64	7.07	0.46	6	0.59	NA	NA	16	"0"
"acs"	"3"	2.98	1.9	0.46	53	0.05	NA	NA	26	"0"
"acs"	"3"	3.45	6.54	0.42	54	0.83	NA	NA	11	"1"
"acs"	"3"	2.75	6.83	0.62	33	0.47	NA	NA	15	"0"
"acs"	"3"	3.09	1.69	0.27	47	0.19	NA	NA	34	"0"
"acs"	"3"	4.01	7.29	0.7	64	0.85	NA	NA	7	"0"
"acs"	"3"	2.37	8.8	0.61	19	0.48	NA	NA	12	"0"
"acs"	"3"	3.31	1.49	0.25	48	0.18	NA	NA	40	"0"
"acs"	"3"	3.18	0.84	0.31	46	0.22	NA	NA	48	"0"
"acs"	"3"	3.79	2.75	0.15	49	0.05	NA	NA	28	"0"
"acs"	"3"	3.48	3.63	0.32	55	0.14	NA	NA	37	"0"
"acs"	"3"	3.66	3.17	0.13	43	0.13	NA	NA	30	"0"
"acs"	"3"	3.82	4.23	0.08	39	0.07	NA	NA	30	"0"
"ras"	"3"	3.07	5.89	0.52	69	NA	7	NA	25	"0"
"mmas"	"3"	2.06	3.54	0.41	53	NA	NA	NA	39	"1"
"as"	"3"	3.47	0.73	0.32	38	NA	NA	NA	14	"0"
"acs"	"3"	3.35	3.62	0.94	30	0.67	NA	NA	31	"1"
"acs"	"3"	2.56	0.63	0.4	31	0.06	NA	NA	21	"1"
"acs"	"3"	3.1	3.97	0.54	23	0.42	NA	NA	18	"1"
"acs"	"3"	4.55	2.53	0.99	7	0.77	NA	NA	26	"1"
"acs"	"3"	3.67	2.64	0.35	17	0.03	NA	NA	18	"0"
"acs"	"3"	2.83	4.87	0.91	23	0.63	NA	NA	12	"1"
"acs"	"3"	4.12	4.92	0.62	8	0.93	NA	NA	40	"1"
"acs"	"3"	4.29	0.27	0.33	34	0.17	NA	NA	20	"0"
"acs"	"3"	3.26	5.48	0.67	7	0.76	NA	NA	31	"1"
"mmas"	"3"	4.24	3.53	0.16	37	NA	NA	NA	23	"0"
"acs"	"3"	3.34	4.22	0.16	25	0.43	NA	NA	17	"0"
"acs"	"3"	4.2	4.67	0.02	32	0.61	NA	NA	19	"0"
"mmas"	"3"	4.49	3.23	0.11	30	NA	NA	NA	16	"0"
"acs"	"3"	3.73	4.89	0.11	41	0.55	NA	NA	17	"0"
"mmas"	"3"	4.65	3.83	0.17	37	NA	NA	NA	12	"0"
"acs"	"3"	3.16	4.01	0.09	40	0.57	NA	NA	13	"1"
"acs"	"3"	3.78	4.4	0.1	51	0.69	NA	NA	12	"1"
"acs"	"3"	3.41	4.67	0.11	46	0.64	NA	NA	18	"0"
"acs"	"3"	4.11	3.22	0.02	32	0.8	NA	NA	18	"0"
"acs"	"3"	3.66	4.31	0.03	24	0.5	NA	NA	18	"0"
"acs"	"3"	3.25	3.23	0.27	55	0.77	NA	NA	15	"1"
"acs"	"3"	3.23	4.11	0.31	60	0.87	NA	NA	18	"1"
"acs"	"3"	4.02	4.8	0.15	51	0.63	NA	NA	11	"1"
"acs"	"3"	4.85	3.96	1	6	0.58	NA	NA	36	"1"
"acs"	"2"	3.84	1.93	0.02	29	0.66	NA	NA	40	"0"
"acs"	"3"	1.02	2.55	0.58	11	0.84	NA	NA	31	"1"
"eas"	"3"	1.38	4.66	0.34	29	NA	NA	528	12	"1"
"acs"	"3"	3.09	2.47	0.49	62	0.96	NA	NA	34	"0"
"acs"	"3"	4.02	5.48	0.97	24	0.71	NA	NA	38	"1"
"acs"	"3"	3.14	0.66	0.44	5	0.87	NA	NA	9	"0"
"acs"	"3"	1.97	8.22	0.59	36	0.1	NA	NA	26	"0"
"acs"	"3"	3.12	3.98	0.79	10	0.65	NA	NA	33	"1"
"ras"	"3"	2.21	1.6	0.77	28	NA	21	NA	46	"1"
"acs"	"3"	2.57	7.95	0.58	54	0.44	NA	NA	14	"0"
"acs"	"3"	3.05	9.36	0.43	38	0.04	NA	NA	26	"1"
"acs"	"3"	2.41	6.15	0.94	37	0.23	NA	NA	33	"0"
"acs"	"3"	2.05	6.42	0.58	41	0.23	NA	NA	15	"1"
"acs"	"3"	2.78	9.5	0.5	43	0.47	NA	NA	14	"0"
"acs"	"3"	2.66	9.32	0.63	48	0.37	NA	NA	17	"0"
"ras"	"3"	2.39	2.38	0.79	46	NA	16	NA	45	"1"
"acs"	"3"	2.64	6.1	0.63	54	0.32	NA	NA	10	"1"
"acs"	"3"	2.34	6.16	0.73	49	0.29	NA	NA	15	"1"
"acs"	"3"	2.5	9.64	0.45	27	0.51	NA	NA	10	"0"
"acs"	"3"	3.27	9.35	0.44	54	0.27	NA	NA	13	"0"
"acs"	"3"	2.92	4.93	0.48	54	0.56	NA	NA	12	"1"
"acs"	"3"	3.36	9.91	0.33	45	0.55	NA	NA	16	"0"
"acs"	"3"	3.4	8.72	0.29	50	0.58	NA	NA	13	"0"
"acs"	"3"	2.24	6.03	0.71	50	0.35	NA	NA	14	"1"
"acs"	"3"	2.98	9.71	0.49	50	0.49	NA	NA	12	"0"
"acs"	"3"	2.71	8.78	0.66	6	0.09	NA	NA	42	"1"
"mmas"	"3"	1.15	8.16	0.97	60	NA	NA	NA	16	"1"
"acs"	"2"	2.4	5.66	0.23	36	0.4	NA	NA	28	"0"
"acs"	"3"	2.91	3.83	0.33	51	0.18	NA	NA	20	"1"
"acs"	"3"	3.84	7.59	0.18	53	0.54	NA	NA	25	"1"
"acs"	"3"	3.94	8.38	0.24	42	0.41	NA	NA	28	"1"
"acs"	"3"	1.98	3.91	0.42	46	0.3	NA	NA	11	"1"
"acs"	"3"	2.82	6.87	0.26	35	0.34	NA	NA	47	"1"
"acs"	"3"	3.87	6.2	0.62	58	0.01	NA	NA	9	"0"
"acs"	"3"	2.26	2.46	0.3	42	0.49	NA	NA	11	"1"
"acs"	"3"	2.32	4.59	0.45	48	0.16	NA	NA	7	"1"
"acs"	"3"	1.54	6.41	0.7	26	0.6	NA	NA	10	"1"
"acs"	"3"	2.57	3.99	0.66	55	0.4	NA	NA	17	"1"
"acs"	"3"	2.79	4	0.6	63	0.47	NA	NA	10	"1"
"acs"	"3"	2.08	2.76	0.36	39	0.6	NA	NA	13	"1"
"acs"	"3"	2.14	5.85	0.57	46	0.46	NA	NA	10	"1"
"acs"	"3"	2.23	5.15	0.55	42	0.26	NA	NA	10	"1"
"acs"	"3"	2.97	5.1	0.55	61	0.5	NA	NA	9	"1"
"acs"	"3"	2.79	4.85	0.61	56	0.45	NA	NA	9	"1"
"acs"	"3"	2.35	4.93	0.55	53	0.36	NA	NA	10	"1"
"acs"	"3"	2.93	4.9	0.59	58	0.59	NA	NA	11	"1"
"acs"	"3"	3.18	5.14	0.57	63	0.52	NA	NA	11	"1"
"mmas"	"3"	0.92	3.77	0.89	61	NA	NA	NA	48	"0"
"acs"	"3"	1.62	4.56	0.88	11	0.44	NA	NA	16	"0"
"ras"	"3"	2.71	2.37	0.97	80	NA	18	NA	41	"1"
"eas"	"3"	4.16	5.57	0.99	46	NA	NA	6	14	"1"
"acs"	"3"	3.69	9.63	0.53	19	0.94	NA	NA	12	"0"
"acs"	"3"	2.23	6.39	0.95	25	0.37	NA	NA	10	"1"
"acs"	"3"	3.15	2.05	0.93	36	0.08	NA	NA	40	"1"
"acs"	"3"	4.26	7.53	0.53	72	0.63	NA	NA	41	"1"
"acs"	"3"	3.82	3.71	0.66	75	0.97	NA	NA	50	"0"
"ras"	"3"	4.29	4.65	0.93	82	NA	22	NA	47	"0"
"ras"	"3"	2.74	1.46	0.97	85	NA	40	NA	29	"1"
"ras"	"3"	2.53	1.23	0.87	65	NA	13	NA	37	"1"
"ras"	"3"	2.47	1.11	0.81	89	NA	34	NA	20	"1"
"ras"	"3"	2.87	1.07	0.88	76	NA	31	NA	37	"1"
"ras"	"3"	2.78	1.51	0.93	81	NA	31	NA	28	"1"
"ras"	"3"	3.46	1.95	0.88	96	NA	34	NA	22	"0"
"ras"	"3"	2.23	1.34	0.94	68	NA	21	NA	50	"1"
"ras"	"3"	2.45	1.33	0.83	63	NA	28	NA	42	"1"
"ras"	"3"	2.72	0.58	0.83	97	NA	26	NA	20	"1"
"ras"	"3"	2.51	1.79	0.88	96	NA	15	NA	26	"1"
"ras"	"3"	3.05	2.9	0.92	85	NA	23	NA	15	"0"
"ras"	"3"	2.37	1.42	0.96	73	NA	22	NA	50	"1"
"ras"	"3"	2.78	3.29	0.77	76	NA	12	NA	17	"0"
"ras"	"3"	2.43	1.82	0.85	96	NA	15	NA	27	"1"
"ras"	"3"	2.49	0.53	0.7	64	NA	23	NA	46	"1"
"ras"	"3"	3.09	3.97	0.61	84	NA	8	NA	36	"1"
"acs"	"3"	3.17	2.86	0.83	75	0.91	NA	NA	38	"0"
"mmas"	"3"	2.12	2.04	0.4	35	NA	NA	NA	39	"0"
"acs"	"3"	3.69	4.42	0.39	74	0.96	NA	NA	42	"0"
"ras"	"3"	4.06	1.1	0.75	82	NA	11	NA	43	"1"
"acs"	"3"	3.28	3.92	0.82	74	0.75	NA	NA	32	"1"
"acs"	"3"	2.7	3.77	0.79	71	0.81	NA	NA	39	"1"
"ras"	"3"	3.83	2.12	0.73	73	NA	19	NA	33	"1"
"ras"	"3"	3.14	1.37	0.89	76	NA	25	NA	30	"1"
"acs"	"3"	3.33	3.49	0.89	69	0.52	NA	NA	48	"0"
"acs"	"3"	3	4.26	0.9	74	0.76	NA	NA	33	"1"
"acs"	"3"	4.67	4.17	0.56	78	0.98	NA	NA	39	"0"
"ras"	"3"	2.72	0.23	0.9	85	NA	19	NA	32	"0"
"acs"	"3"	4.47	3.69	0.61	75	0.86	NA	NA	38	"0"
"acs"	"3"	2.26	6.12	0.96	58	0.71	NA	NA	31	"1"
"ras"	"3"	3.39	2.44	0.69	65	NA	27	NA	31	"1"
"ras"	"3"	3.47	2.92	0.76	68	NA	16	NA	36	"1"
"ras"	"3"	2.96	1.25	0.98	79	NA	21	NA	34	"0"
"ras"	"3"	3.1	0.07	0.86	87	NA	35	NA	35	"0"
"ras"	"3"	2.83	1.7	0.99	73	NA	14	NA	33	"0"
"ras"	"3"	2.69	0.68	0.98	75	NA	19	NA	30	"0"
"mmas"	"3"	0.83	5.47	1	6	NA	NA	NA	18	"0"
"as"	"3"	3.57	2.5	0.4	41	NA	NA	NA	32	"0"
"acs"	"3"	2.79	8.44	0.92	38	0.24	NA	NA	25	"1"
"acs"	"3"	1.89	3.36	0.7	46	0.63	NA	NA	9	"1"
"acs"	"3"	2.31	0.82	0.58	53	0.43	NA	NA	14	"0"
"acs"	"3"	2.84	9.37	0.93	33	0.35	NA	NA	42	"1"
"ras"	"3"	4.3	6.8	0.64	38	NA	13	NA	21	"1"
"acs"	"3"	2.17	7.52	0.99	51	0.33	NA	NA	28	"1"
"acs"	"3"	3.11	3.44	0.92	66	0.38	NA	NA	22	"1"
"mmas"	"3"	0.95	6.6	0.97	20	NA	NA	NA	22	"0"
"acs"	"3"	2.44	2.64	0.99	35	0.22	NA	NA	12	"1"
"acs"	"3"	3.13	5.52	0.69	63	0.57	NA	NA	27	"0"
"acs"	"3"	2.39	6.34	0.75	53	0.48	NA	NA	19	"1"
"acs"	"3"	1.96	6.31	0.69	44	0.6	NA	NA	21	"1"
"mmas"	"3"	1.06	7.56	0.85	24	NA	NA	NA	15	"0"
"acs"	"3"	3.07	5.17	0.71	56	0.32	NA	NA	24	"1"
"acs"	"3"	2.23	6.41	0.74	52	0.55	NA	NA	18	"1"
"ras"	"3"	4.87	8.68	0.66	21	NA	10	NA	33	"1"
"acs"	"3"	3.31	3.06	0.35	39	0.54	NA	NA	24	"1"
"ras"	"3"	4.64	6.96	0.89	91	NA	33	NA	13	"0"
"acs"	"3"	1.98	4.15	0.24	34	0.81	NA	NA	17	"1"
"acs"	"3"	4.05	0.79	0.84	78	0.92	NA	NA	27	"0"
"acs"	"3"	2.79	4.45	0.38	23	0.91	NA	NA	8	"0"
"acs"	"3"	1.89	6.2	0.14	37	0.96	NA	NA	28	"0"
"ras"	"3"	3.06	0.83	0.79	84	NA	25	NA	47	"0"
"acs"	"3"	2.62	4.38	0.03	24	0.71	NA	NA	26	"0"
"acs"	"3"	1.79	6.72	0.49	53	0.96	NA	NA	11	"1"
"acs"	"3"	2.37	4.85	0.08	25	0.83	NA	NA	16	"1"
"acs"	"3"	1.39	6.38	0.76	44	0.95	NA	NA	8	"1"
"acs"	"3"	1.93	5.07	0.39	36	0.75	NA	NA	9	"1"
"acs"	"3"	2	6.45	0.34	39	0.96	NA	NA	8	"1"
"acs"	"3"	1.59	5.11	0.46	40	0.76	NA	NA	13	"1"
"acs"	"3"	2.33	6.37	0.37	54	0.9	NA	NA	8	"1"
"acs"	"3"	2.26	6.44	0.58	52	0.81	NA	NA	9	"1"
"acs"	"3"	1.93	6.17	0.57	51	0.91	NA	NA	11	"1"
"acs"	"3"	1.67	4.81	0.49	42	0.74	NA	NA	10	"1"
"acs"	"3"	1.54	4.57	0.49	43	0.7	NA	NA	12	"1"
"acs"	"2"	4.16	7.87	0.16	52	0.42	NA	NA	37	"0"
"acs"	"3"	4.56	6.15	0.86	27	0.37	NA	NA	39	"1"
"acs"	"2"	1.16	2.95	0.49	32	0.96	NA	NA	44	"0"
"acs"	"3"	1.75	6.38	0.65	19	0.11	NA	NA	20	"1"
"acs"	"3"	2.03	8.08	0.4	36	0.47	NA	NA	40	"1"
"acs"	"3"	1.34	4.49	0.69	39	0.94	NA	NA	46	"1"
"acs"	"3"	3.97	2.15	0.86	50	0.34	NA	NA	17	"0"
"acs"	"3"	4.57	6.56	0.93	12	0.27	NA	NA	49	"1"
"acs"	"3"	1.81	4.08	0.77	46	0.66	NA	NA	47	"0"
"acs"	"3"	2.92	4.78	0.35	26	0.23	NA	NA	19	"1"
"acs"	"3"	2.26	4.2	0.85	54	0.44	NA	NA	48	"0"
"acs"	"3"	1.85	1.23	0.95	40	0.62	NA	NA	50	"0"
"acs"	"3"	2.07	5.39	0.94	51	0.45	NA	NA	47	"0"
"acs"	"3"	2.57	5.05	0.72	63	0.65	NA	NA	45	"0"
"acs"	"3"	2.11	5.82	0.87	54	0.48	NA	NA	46	"0"
"acs"	"3"	2.32	4.07	0.67	61	0.74	NA	NA	41	"0"
"acs"	"3"	1.75	4.34	0.76	47	0.62	NA	NA	47	"0"
"acs"	"3"	2.14	6.06	0.91	56	0.44	NA	NA	43	"0"
"acs"	"2"	3.99	8.86	0.6	18	0.47	NA	NA	15	"0"
"acs"	"3"	3.52	2.93	0.88	87	0.94	NA	NA	8	"0"
"acs"	"3"	4.7	7.15	0.43	43	0.3	NA	NA	17	"1"
"as"	"3"	3.92	3.71	0.89	40	NA	NA	NA	33	"0"
"ras"	"3"	3.51	3.31	0.92	65	NA	16	NA	37	"0"
"ras"	"3"	3.64	3.09	0.7	53	NA	22	NA	10	"0"
"ras"	"3"	3.37	3.94	0.79	75	NA	22	NA	24	"0"
"acs"	"3"	4.13	4.94	0.5	76	0.94	NA	NA	11	"1"
"ras"	"3"	2.28	2.85	0.97	49	NA	10	NA	21	"0"
"ras"	"3"	3.3	4.22	0.73	52	NA	17	NA	41	"0"
"ras"	"3"	2.41	2.2	0.85	59	NA	10	NA	23	"0"
"ras"	"3"	3.02	2.72	0.83	61	NA	19	NA	23	"0"
"ras"	"3"	3.34	2.89	0.95	72	NA	21	NA	45	"0"
"acs"	"3"	3.44	5	0.53	72	0.9	NA	NA	10	"1"
"ras"	"3"	2.52	2.09	0.88	53	NA	16	NA	19	"0"
"ras"	"3"	2.37	2.72	0.91	47	NA	21	NA	20	"0"
"acs"	"3"	4.39	3.2	0.59	85	0.96	NA	NA	11	"1"
"acs"	"3"	4.46	4.94	0.41	40	0.08	NA	NA	11	"0"
"mmas"	"3"	1.26	1.34	0.49	6	NA	NA	NA	10	"1"
"mmas"	"3"	3.41	6.27	0.16	24	NA	NA	NA	25	"1"
"as"	"3"	4.97	1.89	0.84	30	NA	NA	NA	28	"1"
"acs"	"3"	4.71	2.52	0.46	59	0.42	NA	NA	25	"0"
"mmas"	"3"	3.38	5.23	0.37	16	NA	NA	NA	49	"1"
"mmas"	"3"	3.55	9.51	0.47	57	NA	NA	NA	34	"1"
"mmas"	"3"	4.34	7.52	0.13	12	NA	NA	NA	16	"0"
"acs"	"3"	2.19	6.07	0.12	34	0.36	NA	NA	48	"0"
"mmas"	"3"	2.62	4.75	0.23	33	NA	NA	NA	17	"1"
"mmas"	"3"	4.47	6.51	0.22	47	NA	NA	NA	30	"1"
"acs"	"3"	4.25	0.82	0.11	27	0.25	NA	NA	35	"0"
"acs"	"3"	3.98	5.85	0.01	19	0.09	NA	NA	11	"0"
"acs"	"3"	3.36	8.71	0.19	42	0.7	NA	NA	33	"1"
"acs"	"3"	2.07	6.13	0.11	24	0.54	NA	NA	50	"0"
"acs"	"3"	3.95	7.94	0.04	28	0	NA	NA	15	"0"
"acs"	"3"	4.06	4.73	0.02	23	0.35	NA	NA	15	"0"
"mmas"	"3"	4.52	6.46	0.09	8	NA	NA	NA	12	"0"
"acs"	"3"	4.7	5.43	0.03	28	0.17	NA	NA	13	"0"
"acs"	"3"	3.53	9.78	0.11	34	0.12	NA	NA	14	"0"
"acs"	"3"	4.08	6.94	0.02	24	0.42	NA	NA	12	"0"
"acs"	"3"	4.11	7.64	0.12	46	0.27	NA	NA	12	"0"
"acs"	"3"	4.08	6.38	0.02	26	0.06	NA	NA	10	"0"
"ras"	"3"	3.87	5.44	0.59	58	NA	34	NA	17	"1"
"acs"	"2"	2	4.19	0.96	70	0.97	NA	NA	46	"0"
"eas"	"3"	2.54	4.66	0.14	23	NA	NA	384	9	"0"
"mmas"	"3"	3.91	6.61	0.43	38	NA	NA	NA	18	"1"
"acs"	"3"	4.69	2.55	0.89	41	0.88	NA	NA	34	"0"
"acs"	"3"	3.39	2.1	0.85	10	0.71	NA	NA	11	"0"
"acs"	"3"	3.71	5.88	0.4	33	0.21	NA	NA	30	"1"
"mmas"	"3"	1.48	2.1	0.54	48	NA	NA	NA	19	"1"
"eas"	"3"	2.71	8.59	0.45	41	NA	NA	190	14	"1"
"acs"	"3"	3.9	4.2	0.6	67	0.62	NA	NA	17	"1"
"acs"	"3"	3.04	6.3	0.85	34	0.72	NA	NA	10	"0"
"acs"	"3"	2.37	6.33	0.72	50	0.1	NA	NA	39	"1"
"acs"	"3"	2.73	4.51	0.34	39	0.13	NA	NA	16	"1"
"acs"	"3"	4.48	9.2	0.15	54	0.56	NA	NA	20	"0"
"acs"	"3"	3.45	3.49	0.47	61	0.42	NA	NA	9	"1"
"acs"	"3"	4.53	7.54	0.1	49	0.93	NA	NA	17	"0"
"acs"	"3"	3.85	4.04	0.59	70	0.22	NA	NA	12	"1"
"acs"	"3"	3.01	6.06	0.38	50	0.28	NA	NA	18	"1"
"acs"	"3"	3.73	9.11	0.83	55	0.06	NA	NA	40	"1"
"acs"	"3"	3.28	6.11	0.37	56	0.2	NA	NA	20	"1"
"acs"	"3"	4.99	7.76	0.09	49	0.72	NA	NA	12	"0"
"acs"	"3"	4.48	6.67	0.04	42	0.82	NA	NA	17	"0"
"acs"	"3"	4.08	7.38	0.11	49	0.87	NA	NA	14	"0"
"acs"	"3"	3.47	6.79	0.43	58	0.24	NA	NA	28	"1"
"acs"	"3"	4.29	6.64	0.04	40	0.69	NA	NA	16	"0"
"acs"	"3"	4.43	5.56	0.04	40	0.84	NA	NA	13	"0"
"acs"	"3"	4.48	6.48	0.03	30	0.5	NA	NA	19	"0"
"acs"	"3"	4.22	7.81	0.14	48	0.79	NA	NA	12	"0"
"mmas"	"3"	3.5	0.85	0.18	35	NA	NA	NA	22	"0"
"acs"	"3"	2.71	9.91	0.65	44	0.99	NA	NA	30	"1"
"mmas"	"3"	3.26	4.75	0.41	63	NA	NA	NA	42	"1"
"acs"	"3"	1.97	4.99	0.99	40	0.38	NA	NA	45	"1"
"ras"	"3"	3.69	2.18	0.84	55	NA	82	NA	24	"0"
"acs"	"3"	1.82	5.81	0.78	34	0.54	NA	NA	26	"0"
"acs"	"3"	2.61	0.49	0.54	44	0.46	NA	NA	11	"0"
"acs"	"3"	4.93	9.27	0.79	65	0.43	NA	NA	43	"0"
"acs"	"3"	3.44	0.88	0.74	62	0.51	NA	NA	23	"0"
"acs"	"3"	3.21	0.43	0.73	54	0.18	NA	NA	12	"0"
"mmas"	"3"	3.58	3.74	0.21	32	NA	NA	NA	14	"0"
"acs"	"3"	2.71	1.19	0.61	52	0.01	NA	NA	9	"0"
"acs"	"3"	2.6	1.75	0.62	52	0.26	NA	NA	12	"0"
"mmas"	"3"	3.92	4.1	0.13	33	NA	NA	NA	12	"0"
"acs"	"3"	3.66	0.33	0.65	58	0.16	NA	NA	8	"0"
"acs"	"3"	2.95	0.77	0.49	53	0.32	NA	NA	17	"0"
"acs"	"3"	2.51	2.51	0.66	55	0.28	NA	NA	12	"0"
"acs"	"3"	2.65	2.38	0.66	54	0.28	NA	NA	9	"0"
"eas"	"3"	2.88	2.16	0.44	59	NA	NA	403	15	"0"
"acs"	"3"	2.25	5.91	0.81	47	0.82	NA	NA	21	"0"
"eas"	"3"	1.36	3.64	0.74	64	NA	NA	737	38	"1"
"acs"	"3"	3.07	0.83	0.59	31	0.31	NA	NA	13	"0"
"acs"	"3"	3.23	8.11	0.76	47	0.6	NA	NA	10	"0"
"acs"	"3"	3.42	2.08	0.54	40	0.17	NA	NA	20	"0"
"acs"	"3"	1.43	6.95	0.7	16	0.76	NA	NA	23	"0"
"acs"	"3"	2.47	8.14	0.75	26	0.51	NA	NA	21	"0"
"ras"	"3"	4	7.13	0.73	94	NA	11	NA	17	"0"
"acs"	"3"	4.48	7.62	0.79	70	0.75	NA	NA	25	"0"
"acs"	"3"	3.42	8.46	0.61	58	0.39	NA	NA	36	"0"
"acs"	"3"	2.39	6.7	0.68	55	0.8	NA	NA	23	"0"
"acs"	"3"	2.43	6.73	0.64	54	0.76	NA	NA	12	"0"
"acs"	"3"	4.72	6.81	0.65	73	0.83	NA	NA	24	"0"
"acs"	"3"	4.45	6.4	0.66	73	0.76	NA	NA	13	"0"
"acs"	"2"	3.31	6.64	0.9	59	0.62	NA	NA	22	"1"
"eas"	"3"	2.52	5.71	0.37	14	NA	NA	35	38	"1"
"ras"	"3"	4.09	0.08	0.68	44	NA	78	NA	18	"1"
"mmas"	"3"	3.19	6.1	0.07	8	NA	NA	NA	41	"1"
"acs"	"3"	2.82	2.94	0.99	57	0.64	NA	NA	24	"0"
"ras"	"3"	2.5	1.43	0.96	80	NA	80	NA	22	"0"
"eas"	"3"	1.65	7.82	0.18	16	NA	NA	411	36	"1"
"acs"	"3"	1.47	6.2	0.89	15	0.65	NA	NA	9	"0"
"acs"	"3"	3.57	5.25	0.16	43	0.58	NA	NA	38	"1"
"acs"	"3"	4.45	6.53	0.9	60	0.29	NA	NA	22	"0"
"acs"	"3"	3.79	6.85	1	68	0.3	NA	NA	19	"0"
"acs"	"3"	2.23	8.02	0.9	32	0.56	NA	NA	11	"0"
"mmas"	"3"	2.6	4.63	0.19	15	NA	NA	NA	31	"1"
"acs"	"3"	2.52	4.46	0.69	66	0.55	NA	NA	14	"0"
"acs"	"3"	2.34	9.79	0.79	44	0.31	NA	NA	19	"0"
"mmas"	"3"	2.55	5.36	0.24	23	NA	NA	NA	25	"1"
"acs"	"3"	1.99	8.65	0.69	35	0.67	NA	NA	14	"0"
"acs"	"3"	3.56	7.03	0.93	59	0.23	NA	NA	20	"0"
"acs"	"3"	3.59	6.7	0.94	69	0.24	NA	NA	16	"0"
"acs"	"3"	3.42	7.3	0.96	63	0.3	NA	NA	17	"0"
"acs"	"3"	3.79	7.35	0.92	65	0.17	NA	NA	19	"0"
"acs"	"3"	3.67	7.48	0.88	64	0.37	NA	NA	16	"0"
"ras"	"3"	4.85	7.18	0.56	68	NA	87	NA	10	"0"
"acs"	"3"	1.46	3.37	0.45	31	0.72	NA	NA	29	"0"
"mmas"	"3"	1.06	1.02	0.92	37	NA	NA	NA	32	"0"
"acs"	"3"	4.55	5.2	0.85	61	0.34	NA	NA	34	"0"
"acs"	"3"	4.49	5.66	0.49	61	0.11	NA	NA	36	"0"
"acs"	"3"	1.95	3.46	0.73	35	0.32	NA	NA	23	"0"
"mmas"	"3"	1.04	5.72	0.94	23	NA	NA	NA	34	"0"
"acs"	"3"	4.4	5.92	0.4	56	0.05	NA	NA	21	"0"
"acs"	"3"	3.33	6.26	0.52	60	0.09	NA	NA	34	"0"
"acs"	"3"	3.82	6.03	0.36	53	0.08	NA	NA	32	"0"
"acs"	"3"	3.23	6.46	0.18	42	0.4	NA	NA	24	"0"
"mmas"	"3"	1.07	5.68	0.85	22	NA	NA	NA	35	"0"
"acs"	"3"	3.91	6.59	0.32	54	0.27	NA	NA	17	"0"
"acs"	"3"	4.1	5.58	0.35	58	0.11	NA	NA	20	"0"
"acs"	"3"	3.4	6.74	0.41	60	0.41	NA	NA	29	"0"
"acs"	"3"	4.4	6.11	0.25	54	0.36	NA	NA	20	"0"
"acs"	"3"	4.3	4.89	0.28	58	0.08	NA	NA	20	"0"
"acs"	"3"	3.48	5.89	0.35	57	0.19	NA	NA	22	"0"
"acs"	"3"	4.71	6.64	0.32	58	0.33	NA	NA	23	"0"
"acs"	"3"	4.1	4.77	0.41	63	0.38	NA	NA	19	"0"
"acs"	"3"	4.3	6.69	0.35	58	0.34	NA	NA	20	"0"
"acs"	"3"	4.19	4.47	0.27	57	0.01	NA	NA	22	"0"
"acs"	"3"	4.21	6.74	0.28	56	0.46	NA	NA	17	"0"
"acs"	"3"	4.03	4.58	0.27	52	0.05	NA	NA	20	"0"
"acs"	"3"	3.26	6.74	0.47	16	0.72	NA	NA	35	"1"
"acs"	"3"	4.65	4.91	0.76	64	0.14	NA	NA	18	"1"
"acs"	"3"	4.68	7.44	0.7	7	0.44	NA	NA	45	"0"
"acs"	"3"	3.92	5	0.78	64	0.87	NA	NA	40	"1"
"acs"	"3"	3.03	5.98	0.58	63	0.36	NA	NA	25	"1"
"ras"	"3"	2.45	1.43	0.39	48	NA	5	NA	31	"0"
"acs"	"3"	3.4	6.43	0.61	55	0.12	NA	NA	8	"0"
"ras"	"3"	3.23	1.14	0.45	63	NA	17	NA	35	"0"
"acs"	"3"	3.74	5.58	0.55	60	0.15	NA	NA	10	"0"
"acs"	"3"	2.47	7.46	0.75	58	0.31	NA	NA	12	"0"
"acs"	"3"	3.05	5.7	0.84	62	0.36	NA	NA	27	"1"
"ras"	"3"	2.72	0.72	0.31	33	NA	17	NA	36	"0"
"acs"	"3"	4.06	5.45	0.66	65	0.29	NA	NA	8	"0"
"acs"	"3"	3.82	6.01	0.38	61	0.16	NA	NA	16	"0"
"acs"	"3"	2.99	9.08	0.73	54	0.42	NA	NA	12	"0"
"acs"	"3"	4.32	3.92	0.45	65	0.25	NA	NA	12	"0"
"acs"	"3"	4.24	6.27	0.58	69	0.38	NA	NA	11	"0"
"acs"	"3"	3.48	8.29	0.65	61	0.34	NA	NA	8	"0"
"acs"	"3"	4.15	6.21	0.34	57	0.14	NA	NA	15	"0"
"acs"	"3"	4.8	6.11	0.34	65	0.25	NA	NA	19	"0"
"acs"	"3"	3.7	9.25	0.55	59	0.32	NA	NA	8	"0"
"acs"	"3"	4.54	6.41	0.62	67	0.47	NA	NA	10	"0"
"acs"	"3"	4.57	5.63	0.23	58	0.14	NA	NA	15	"0"
"acs"	"3"	4.13	6.25	0.58	68	0.46	NA	NA	13	"0"
"acs"	"3"	3.39	9.46	0.49	52	0.41	NA	NA	9	"0"
"mmas"	"3"	2.1	8.85	0.89	92	NA	NA	NA	19	"1"
"as"	"3"	4.3	6.74	0.84	59	NA	NA	NA	12	"1"
"eas"	"3"	2	5.87	0.09	18	NA	NA	557	11	"1"
"acs"	"2"	2.31	6.21	0.3	34	0.3	NA	NA	29	"1"
"mmas"	"3"	4.7	7.4	0.44	97	NA	NA	NA	9	"1"
"eas"	"3"	0.95	4.19	0.27	22	NA	NA	667	15	"1"
"mmas"	"3"	4.03	7.92	0.29	61	NA	NA	NA	17	"1"
"eas"	"3"	1.46	5.21	0.15	15	NA	NA	681	13	"1"
"eas"	"3"	0.82	0.98	0.53	10	NA	NA	294	11	"0"
"mmas"	"3"	4.88	6	0.23	86	NA	NA	NA	15	"1"
"mmas"	"3"	4.62	5.97	0.32	74	NA	NA	NA	29	"1"
"mmas"	"3"	4.05	6.52	0.33	66	NA	NA	NA	22	"1"
"mmas"	"3"	3.58	7.92	0.45	80	NA	NA	NA	19	"1"
"mmas"	"3"	4.31	7.42	0.34	61	NA	NA	NA	22	"1"
"eas"	"3"	0.75	0.71	0.38	7	NA	NA	274	7	"0"
"mmas"	"3"	3.53	7.02	0.26	48	NA	NA	NA	28	"1"
"mmas"	"3"	3.67	6.54	0.33	67	NA	NA	NA	27	"1"
"mmas"	"3"	3.41	8.3	0.34	52	NA	NA	NA	20	"1"
"mmas"	"3"	3.69	6.81	0.28	53	NA	NA	NA	24	"1"
"mmas"	"3"	3.86	7.02	0.34	56	NA	NA	NA	22	"1"
"mmas"	"3"	3.49	7.26	0.29	44	NA	NA	NA	30	"1"
"mmas"	"3"	4.12	6.65	0.29	52	NA	NA	NA	20	"1"
"mmas"	"3"	3.58	7.14	0.33	43	NA	NA	NA	32	"1"
"mmas"	"3"	3.79	6.63	0.29	48	NA	NA	NA	23	"1"
"mmas"	"3"	4.1	6.62	0.3	54	NA	NA	NA	19	"1"
"mmas"	"3"	4.08	6.69	0.25	46	NA	NA	NA	24	"1"
"ras"	"3"	4.9	6.39	0.25	18	NA	19	NA	6	"0"
"acs"	"3"	3.54	9.05	0.8	65	0.61	NA	NA	44	"0"
"acs"	"3"	2.45	4.76	0.61	30	0.52	NA	NA	49	"0"
"acs"	"3"	3.55	5.5	0.59	71	0.99	NA	NA	43	"0"
"acs"	"3"	4.5	8.31	0.53	62	0.29	NA	NA	32	"0"
"acs"	"3"	3.05	9.53	0.53	53	0.64	NA	NA	35	"0"
"acs"	"3"	3.28	7.79	0.73	28	0.33	NA	NA	44	"1"
"acs"	"3"	2.82	7.94	0.62	43	0.62	NA	NA	43	"0"
"acs"	"3"	2.77	9.21	0.76	32	0.2	NA	NA	45	"1"
"acs"	"3"	4.64	6.82	0.51	63	0.37	NA	NA	25	"0"
"acs"	"3"	3.64	9.96	0.69	50	0.13	NA	NA	41	"1"
"acs"	"3"	3.92	8.24	0.54	60	0.29	NA	NA	30	"0"
"acs"	"3"	2.56	9.09	0.66	32	0.24	NA	NA	41	"1"
"acs"	"3"	3.56	8.32	0.64	54	0.26	NA	NA	27	"0"
"acs"	"3"	3.76	6.83	0.45	58	0.2	NA	NA	27	"0"
"acs"	"3"	3.36	7.22	0.64	58	0.21	NA	NA	27	"0"
"acs"	"3"	3.76	8.48	0.67	60	0.2	NA	NA	26	"0"
"acs"	"3"	3.68	9.7	0.56	51	0.25	NA	NA	27	"0"
"acs"	"3"	4.89	7.32	0.42	64	0.39	NA	NA	25	"0"
"acs"	"3"	3.06	7.47	0.63	52	0.26	NA	NA	29	"0"
"acs"	"3"	4.46	7.5	0.35	63	0.36	NA	NA	21	"0"
"acs"	"3"	3.63	9.67	0.58	48	0.26	NA	NA	26	"0"
"acs"	"3"	3.21	6.6	0.67	59	0.23	NA	NA	25	"0"
"acs"	"3"	4.8	7.39	0.48	65	0.43	NA	NA	27	"0"
"acs"	"3"	3.66	6.06	0.46	56	0.2	NA	NA	25	"0"
"acs"	"3"	4.82	7.6	0.36	64	0.41	NA	NA	21	"0"
"eas"	"3"	4	0.81	0.52	72	NA	NA	233	47	"0"
"mmas"	"2"	2.75	3.31	0.27	48	NA	NA	NA	13	"1"
"acs"	"2"	2.13	9.56	0.89	60	0.84	NA	NA	19	"1"
"as"	"3"	3.22	4.25	0.98	99	NA	NA	NA	49	"1"
"ras"	"3"	2.56	4.72	0.45	97	NA	3	NA	28	"0"
"as"	"3"	3.87	0.83	0.82	96	NA	NA	NA	26	"1"
"ras"	"3"	3.14	4.89	0.55	95	NA	13	NA	32	"1"
"eas"	"3"	2.16	2.52	0.54	85	NA	NA	194	34	"0"
"as"	"3"	2.74	0.3	0.99	71	NA	NA	NA	28	"0"
"ras"	"3"	3.55	4.84	0.56	69	NA	36	NA	16	"0"
"ras"	"3"	3.01	5.03	0.51	76	NA	9	NA	16	"0"
"ras"	"3"	3.98	5.02	0.65	86	NA	10	NA	27	"0"
"ras"	"3"	2.87	2.8	0.93	85	NA	22	NA	24	"0"
"ras"	"3"	3.09	4.35	0.64	60	NA	10	NA	17	"0"
"ras"	"3"	4.09	4.79	0.64	59	NA	16	NA	22	"0"
"ras"	"3"	3.76	3.86	0.63	75	NA	18	NA	20	"0"
"ras"	"3"	2.49	2.31	0.93	85	NA	9	NA	25	"0"
"ras"	"3"	2.21	1.69	0.97	77	NA	17	NA	18	"0"
"ras"	"3"	2.87	3.26	0.67	56	NA	12	NA	23	"0"
"ras"	"3"	3.26	1.33	0.87	76	NA	15	NA	23	"0"
"ras"	"3"	2.73	1.98	0.73	89	NA	23	NA	28	"0"
"ras"	"3"	2.59	2.09	0.89	88	NA	18	NA	22	"0"
"ras"	"3"	2.33	1.88	0.95	82	NA	21	NA	16	"0"
"ras"	"3"	2.72	3.64	0.63	53	NA	11	NA	19	"0"
"ras"	"3"	2.51	2.39	0.95	71	NA	19	NA	16	"0"
"ras"	"3"	2.65	2.55	0.97	75	NA	16	NA	13	"0"
"ras"	"3"	2.32	2.2	0.92	67	NA	15	NA	16	"0"
"ras"	"3"	2.45	2.28	0.94	75	NA	19	NA	11	"0"
"acs"	"2"	2.97	1.95	0.31	31	0.43	NA	NA	16	"1"
"acs"	"3"	3.09	3.8	0.61	63	0.32	NA	NA	20	"0"
"acs"	"3"	3.72	7.06	0.62	54	0.78	NA	NA	21	"0"
"acs"	"3"	2.49	5.27	0.82	69	0.98	NA	NA	8	"0"
"ras"	"3"	3.09	3.21	0.85	54	NA	44	NA	25	"0"
"acs"	"3"	3.41	2.91	0.85	67	0.8	NA	NA	14	"0"
"acs"	"3"	3.51	0.94	0.86	68	0.44	NA	NA	10	"0"
"acs"	"3"	2.93	2.31	0.86	72	0.72	NA	NA	10	"0"
"acs"	"3"	3.37	3.54	0.98	72	0.71	NA	NA	9	"0"
"acs"	"3"	3.68	4.8	0.47	56	0.48	NA	NA	18	"0"
"acs"	"3"	3.01	2.37	0.78	60	0.33	NA	NA	12	"0"
"acs"	"3"	2.57	2.33	0.78	62	0.7	NA	NA	9	"0"
"acs"	"3"	2.44	2.7	0.81	63	0.69	NA	NA	11	"0"
"acs"	"3"	3.73	5.42	0.47	59	0.37	NA	NA	15	"0"
"acs"	"3"	2.94	2.85	0.75	60	0.23	NA	NA	14	"0"
"acs"	"3"	2.68	1.96	0.72	59	0.33	NA	NA	10	"0"
"as"	"3"	2.45	2.14	0.15	33	NA	NA	NA	8	"0"
"acs"	"2"	2.37	5.42	0.35	23	0	NA	NA	30	"0"
"eas"	"3"	1.59	3.53	0.67	79	NA	NA	338	22	"0"
"acs"	"3"	2.02	9.31	0.25	19	0.21	NA	NA	21	"0"
"ras"	"3"	4.36	4.23	0.45	59	NA	13	NA	17	"0"
"acs"	"3"	2.5	3.33	0.63	40	0.19	NA	NA	18	"0"
"acs"	"3"	3.89	2.93	0.19	59	0.57	NA	NA	16	"0"
"acs"	"3"	2.52	5.57	0.53	42	0.24	NA	NA	20	"0"
"acs"	"3"	2.33	8.47	0.49	30	0.17	NA	NA	22	"0"
"ras"	"3"	2.17	0.55	0.82	41	NA	15	NA	22	"0"
"acs"	"3"	2.4	8.72	0.17	29	0.2	NA	NA	16	"0"
"acs"	"3"	3.1	7.17	0.52	49	0.08	NA	NA	19	"0"
"ras"	"3"	2.51	1.81	0.71	55	NA	16	NA	25	"0"
"acs"	"3"	2.94	9.17	0.42	34	0.31	NA	NA	15	"0"
"ras"	"3"	2.34	1.93	0.79	55	NA	15	NA	21	"0"
"ras"	"3"	2.53	1.95	0.71	44	NA	16	NA	29	"0"
"ras"	"3"	2.43	2.84	0.74	41	NA	13	NA	24	"0"
"ras"	"3"	2.43	0.95	0.9	67	NA	18	NA	22	"0"
"ras"	"3"	2.21	1.44	0.79	69	NA	14	NA	18	"0"
"ras"	"3"	2.3	1.36	0.88	67	NA	12	NA	24	"0"
"ras"	"3"	2.27	1.92	0.83	69	NA	16	NA	17	"0"
"ras"	"3"	2.41	2.12	0.9	67	NA	12	NA	24	"0"
"ras"	"3"	2.09	1.34	0.91	66	NA	16	NA	11	"0"
"ras"	"3"	2.32	1.66	0.81	73	NA	14	NA	18	"0"
"ras"	"3"	2.34	1.66	0.74	55	NA	14	NA	20	"0"
"ras"	"3"	2.56	1.72	0.75	62	NA	17	NA	18	"0"
"as"	"3"	3.76	5.52	0.47	27	NA	NA	NA	20	"0"
"acs"	"3"	4.26	3.98	0.06	38	0.61	NA	NA	14	"0"
"acs"	"3"	2.96	1.94	0.63	38	0.31	NA	NA	32	"1"
"ras"	"3"	2.57	2.13	0.91	35	NA	54	NA	30	"1"
"ras"	"3"	3.11	1.96	0.58	54	NA	57	NA	39	"0"
"acs"	"3"	1.4	3.74	0.73	33	0.38	NA	NA	27	"1"
"acs"	"3"	3.92	4.1	0.17	48	0.75	NA	NA	16	"0"
"acs"	"3"	1.91	3.96	0.44	56	0.76	NA	NA	23	"0"
"acs"	"3"	3.33	4.43	0.23	44	0.21	NA	NA	25	"0"
"acs"	"3"	2.94	2.16	0.31	37	0.59	NA	NA	11	"0"
"acs"	"3"	3.59	1.93	0.02	39	0.94	NA	NA	9	"0"
"acs"	"3"	2.87	4.63	0.08	24	0.68	NA	NA	11	"0"
"acs"	"3"	2.52	0.96	0.22	33	0.6	NA	NA	10	"0"
"acs"	"3"	3.78	4.8	0.24	52	0.18	NA	NA	29	"0"
"acs"	"3"	2.8	4.55	0.2	46	0.37	NA	NA	25	"0"
"acs"	"3"	4.42	2.86	0.06	46	0.8	NA	NA	15	"0"
"acs"	"3"	2.77	4.99	0.32	49	0.37	NA	NA	26	"0"
"acs"	"3"	3.31	5.4	0.1	40	0.27	NA	NA	30	"0"
"acs"	"3"	4.73	2.72	0.04	43	0.72	NA	NA	17	"0"
"acs"	"3"	3.6	3.19	0.03	39	0.89	NA	NA	11	"0"
"acs"	"3"	4.45	2.49	0.06	46	0.64	NA	NA	15	"0"
"acs"	"3"	2.2	6.49	0.44	18	0.22	NA	NA	34	"1"
"acs"	"3"	4.16	9.28	0.66	49	0.28	NA	NA	36	"1"
"acs"	"3"	4.05	8.28	0.83	31	0.1	NA	NA	25	"1"
"mmas"	"3"	1.1	6.7	0.83	44	NA	NA	NA	17	"1"
"acs"	"3"	1.9	4.23	0.86	49	0.18	NA	NA	44	"1"
"acs"	"3"	2.91	5.91	0.37	56	0.68	NA	NA	30	"1"
"ras"	"3"	2.92	6.5	0.54	35	NA	7	NA	31	"1"
"acs"	"3"	2.88	7.45	0.55	32	0.32	NA	NA	35	"1"
"mmas"	"3"	1.12	9.47	0.89	32	NA	NA	NA	19	"1"
"mmas"	"3"	1.26	9.63	0.87	26	NA	NA	NA	22	"1"
"mmas"	"3"	0.99	4.03	0.87	61	NA	NA	NA	28	"1"
"acs"	"3"	3.26	7.86	0.16	37	0.66	NA	NA	34	"1"
"acs"	"3"	3.37	7.72	0.08	40	0.64	NA	NA	35	"1"
"acs"	"3"	2.95	6.1	0.39	54	0.68	NA	NA	30	"1"
"acs"	"3"	2.86	7.13	0.38	53	0.68	NA	NA	29	"1"
"acs"	"3"	2.54	6.2	0.38	51	0.66	NA	NA	32	"1"
"acs"	"3"	2.59	5.26	0.36	56	0.66	NA	NA	27	"1"
"acs"	"3"	2.88	7.06	0.38	49	0.62	NA	NA	31	"1"
"mmas"	"3"	1.1	6.12	0.83	40	NA	NA	NA	16	"1"
"acs"	"3"	2.5	6.25	0.37	52	0.67	NA	NA	31	"1"
"eas"	"3"	3.49	8.31	0.5	95	NA	NA	199	10	"0"
"as"	"3"	4.43	2.68	0.57	53	NA	NA	NA	42	"0"
"acs"	"3"	1.73	4.47	0.69	31	0.52	NA	NA	25	"0"
"mmas"	"3"	1.44	2.13	0.54	52	NA	NA	NA	41	"0"
"acs"	"3"	2.27	6.72	0.89	25	0.43	NA	NA	12	"0"
"acs"	"3"	1.75	6.98	0.85	43	0.67	NA	NA	22	"0"
"acs"	"3"	2.09	7.49	0.62	27	0.58	NA	NA	19	"0"
"acs"	"3"	1.68	4.92	0.77	51	0.45	NA	NA	11	"0"
"acs"	"3"	2.01	6.57	0.67	44	0.55	NA	NA	9	"0"
"acs"	"3"	1.62	7	0.91	37	0.68	NA	NA	25	"0"
"acs"	"3"	2.47	7.73	0.83	26	0.37	NA	NA	10	"0"
"acs"	"3"	1.99	3.92	0.99	66	0.81	NA	NA	19	"0"
"acs"	"3"	2.48	7.78	0.68	37	0.29	NA	NA	11	"0"
"acs"	"3"	1.86	3.09	0.97	64	0.82	NA	NA	17	"0"
"acs"	"3"	2.5	7.07	0.52	45	0.54	NA	NA	11	"0"
"acs"	"3"	2.16	8.38	0.78	39	0.37	NA	NA	15	"0"
"acs"	"3"	1.89	7.69	0.72	40	0.32	NA	NA	10	"0"
"acs"	"3"	2.39	9.12	0.59	35	0.29	NA	NA	10	"0"
"acs"	"3"	2.03	6.34	0.66	53	0.52	NA	NA	11	"0"
"acs"	"3"	2.05	6.38	0.65	50	0.51	NA	NA	8	"0"
"acs"	"3"	2.01	5.9	0.67	49	0.47	NA	NA	11	"0"
"acs"	"3"	2.14	8.51	0.56	34	0.31	NA	NA	10	"0"
"acs"	"3"	2.14	7.01	0.56	42	0.49	NA	NA	11	"0"
"acs"	"3"	2.16	6.07	0.68	52	0.46	NA	NA	10	"0"
"acs"	"3"	2.03	6.75	0.64	47	0.47	NA	NA	10	"0"
"acs"	"3"	2.7	0.37	0.87	14	0.44	NA	NA	5	"0"
"eas"	"3"	1.61	2.56	0.96	77	NA	NA	128	29	"1"
"acs"	"3"	4.03	9.59	0.42	66	0.83	NA	NA	21	"1"
"acs"	"3"	3.05	1.55	0.35	29	0.29	NA	NA	8	"0"
"acs"	"3"	2.58	5.35	0.71	59	0.54	NA	NA	13	"0"
"acs"	"3"	3.98	0.02	0.35	51	0.22	NA	NA	19	"0"
"acs"	"3"	2.68	5.9	0.72	58	0.45	NA	NA	14	"1"
"acs"	"3"	4.9	7.92	0.13	53	0.4	NA	NA	6	"1"
"acs"	"3"	2.5	3.97	0.7	64	0.6	NA	NA	9	"1"
"acs"	"3"	3.54	5.69	0.71	69	0.49	NA	NA	12	"1"
"acs"	"3"	2.7	5.47	0.72	59	0.6	NA	NA	10	"1"
"acs"	"3"	3.91	5.6	0.63	67	0.49	NA	NA	9	"1"
"acs"	"3"	2.95	4.96	0.6	63	0.47	NA	NA	10	"1"
"acs"	"3"	2.89	3.61	0.65	64	0.5	NA	NA	9	"1"
"acs"	"3"	3.92	5.82	0.56	64	0.48	NA	NA	9	"1"
"acs"	"3"	3.88	5.61	0.62	67	0.46	NA	NA	9	"1"
"acs"	"3"	4.09	5.74	0.56	68	0.58	NA	NA	10	"1"
"acs"	"3"	2.69	5.81	0.76	59	0.51	NA	NA	9	"1"
"acs"	"3"	4.2	5.5	0.57	71	0.59	NA	NA	10	"1"
"acs"	"3"	1.64	7.03	0.25	25	0.74	NA	NA	21	"1"
"mmas"	"3"	1.31	5.48	0.67	63	NA	NA	NA	17	"1"
"acs"	"3"	1.83	4.27	0.52	38	0.27	NA	NA	17	"1"
"acs"	"3"	2.66	2.55	0.75	36	0.37	NA	NA	37	"0"
"acs"	"3"	2.34	5.68	0.67	32	0.25	NA	NA	14	"0"
"acs"	"3"	2.75	8.8	0.66	26	0.5	NA	NA	19	"0"
"acs"	"3"	2.19	7.76	0.17	36	0.67	NA	NA	15	"0"
"acs"	"3"	2.43	6.17	0.53	54	0.15	NA	NA	11	"0"
"acs"	"3"	2.34	3.39	0.53	41	0.43	NA	NA	23	"1"
"mmas"	"3"	0.9	6.13	0.99	23	NA	NA	NA	10	"0"
"acs"	"3"	2.27	5.85	0.53	38	0.1	NA	NA	14	"0"
"mmas"	"3"	0.98	5.79	0.8	34	NA	NA	NA	13	"0"
"acs"	"3"	2.12	6.91	0.54	44	0.06	NA	NA	10	"0"
"acs"	"3"	2.88	5.27	0.45	53	0.16	NA	NA	15	"0"
"mmas"	"3"	1.15	6.16	0.78	48	NA	NA	NA	12	"0"
"acs"	"3"	2.48	6.06	0.47	47	0.13	NA	NA	11	"0"
"acs"	"3"	2.65	5.12	0.5	55	0.15	NA	NA	14	"0"
"acs"	"3"	2.88	5.66	0.4	49	0.09	NA	NA	12	"0"
"acs"	"3"	2.14	5.91	0.51	41	0.08	NA	NA	13	"0"
"acs"	"3"	2.72	5.87	0.41	49	0.09	NA	NA	12	"0"
"mmas"	"3"	1.44	9.31	0.97	75	NA	NA	NA	7	"1"
"mmas"	"2"	0.97	2.74	0.75	30	NA	NA	NA	11	"1"
"mmas"	"3"	2.12	7.28	0.51	22	NA	NA	NA	33	"1"
"acs"	"3"	4.02	7.83	0.46	47	0.82	NA	NA	13	"1"
"mmas"	"3"	2.07	7.21	0.61	82	NA	NA	NA	13	"0"
"acs"	"3"	2.81	0.73	0.22	42	0.54	NA	NA	13	"1"
"acs"	"3"	2.39	2.07	0.79	52	0.38	NA	NA	31	"0"
"acs"	"3"	2.64	0.18	0.17	31	0.49	NA	NA	17	"1"
"acs"	"3"	4.23	6.92	0.45	41	0.07	NA	NA	34	"1"
"acs"	"3"	2.59	5.04	0.1	40	0.34	NA	NA	12	"1"
"acs"	"3"	3.71	6.19	0.73	61	0.09	NA	NA	30	"1"
"acs"	"3"	2.23	3.72	0.29	44	0.76	NA	NA	8	"1"
"acs"	"3"	3.16	0.26	0.21	43	0.62	NA	NA	18	"1"
"acs"	"3"	2.37	4.41	0.24	47	0.69	NA	NA	10	"1"
"acs"	"3"	3.12	4.31	0.1	45	0.26	NA	NA	10	"1"
"acs"	"3"	3.41	0.33	0.07	33	0.55	NA	NA	14	"1"
"acs"	"3"	2.44	5.16	0.1	40	0.75	NA	NA	10	"1"
"acs"	"3"	2.37	5.43	0.07	34	0.77	NA	NA	10	"1"
"acs"	"3"	2.66	4.94	0.12	42	0.74	NA	NA	10	"1"
"acs"	"3"	2	3.21	0.34	47	0.83	NA	NA	8	"1"
"acs"	"3"	2.47	4.68	0.22	48	0.74	NA	NA	10	"1"
"acs"	"3"	2.46	5.59	0.08	33	0.79	NA	NA	9	"1"
"acs"	"3"	2.86	4.78	0.12	42	0.76	NA	NA	11	"1"
"acs"	"3"	2.56	4.76	0.18	46	0.71	NA	NA	10	"1"
"eas"	"3"	1.51	7.56	0.81	43	NA	NA	659	50	"0"
"acs"	"3"	3.38	3.81	0.44	55	0.89	NA	NA	33	"0"
"mmas"	"3"	1.62	1.75	0.38	56	NA	NA	NA	18	"0"
"ras"	"3"	3.78	1.39	0.68	12	NA	14	NA	17	"0"
"acs"	"3"	2.41	6.98	0.76	43	0.69	NA	NA	21	"0"
"acs"	"3"	4.41	7.55	0.14	35	0.59	NA	NA	45	"0"
"acs"	"3"	3.74	9.97	0.23	42	0.55	NA	NA	47	"0"
"acs"	"3"	3.29	4.47	0.17	48	0.69	NA	NA	34	"0"
"acs"	"3"	2.58	8.62	0.6	39	0.51	NA	NA	28	"0"
"acs"	"3"	1.75	5.58	0.92	35	0.62	NA	NA	18	"0"
"acs"	"3"	2.1	8.25	0.94	24	0.85	NA	NA	22	"0"
"acs"	"3"	1.76	5.46	0.78	29	0.62	NA	NA	18	"0"
"acs"	"3"	2.02	7.31	0.86	26	0.65	NA	NA	17	"0"
"acs"	"3"	1.46	8.07	0.96	14	0.93	NA	NA	23	"0"
"acs"	"3"	4.03	6.56	0.26	58	0.72	NA	NA	25	"0"
"acs"	"3"	3.53	4.76	0.07	44	0.7	NA	NA	34	"0"
"acs"	"3"	4.13	6.03	0.2	56	0.61	NA	NA	22	"0"
"acs"	"3"	3.53	6.34	0.2	51	0.77	NA	NA	23	"0"
"acs"	"3"	3.37	4.29	0.07	42	0.75	NA	NA	34	"0"
"acs"	"3"	3.74	4.41	0.04	42	0.72	NA	NA	34	"0"
"acs"	"3"	3.67	5.14	0.1	43	0.77	NA	NA	33	"0"
"acs"	"2"	3	5.64	0.35	45	0.07	NA	NA	29	"1"
"acs"	"3"	4.13	3.83	0.49	78	0.84	NA	NA	11	"1"
"acs"	"3"	1.84	9.99	0.8	15	0.93	NA	NA	10	"0"
"ras"	"3"	3.3	3.39	0.8	86	NA	18	NA	15	"0"
"ras"	"3"	2.72	1.82	0.69	64	NA	22	NA	12	"0"
"ras"	"3"	2.58	0.27	0.98	95	NA	25	NA	15	"0"
"ras"	"3"	3.03	4.14	0.76	87	NA	11	NA	12	"0"
"ras"	"3"	2.25	0.95	0.86	81	NA	19	NA	20	"0"
"ras"	"3"	2.72	4.37	0.7	67	NA	12	NA	16	"0"
"ras"	"3"	2.79	3.62	0.79	93	NA	14	NA	10	"0"
"ras"	"3"	3.07	1.2	0.64	95	NA	15	NA	16	"0"
"ras"	"3"	2.12	1.62	0.97	73	NA	13	NA	20	"0"
"ras"	"3"	2.51	2.11	0.95	67	NA	13	NA	25	"0"
"ras"	"3"	2.69	3.1	0.67	90	NA	12	NA	9	"0"
"ras"	"3"	2.66	2.15	0.97	72	NA	25	NA	29	"0"
"ras"	"3"	2.97	2.58	0.99	71	NA	22	NA	30	"0"
"ras"	"3"	2.66	2.18	0.89	66	NA	22	NA	27	"0"
"mmas"	"3"	3.91	9.78	0.65	69	NA	NA	NA	23	"0"
"acs"	"3"	2.49	8.21	0.91	47	0.08	NA	NA	39	"1"
"acs"	"3"	2.65	5.25	0.2	46	0.63	NA	NA	41	"0"
"acs"	"3"	3.99	5.99	0.37	33	0	NA	NA	45	"0"
"acs"	"3"	2.73	7.55	0.33	7	0.54	NA	NA	36	"0"
"acs"	"3"	2.33	3.05	0.11	20	0.53	NA	NA	26	"0"
"acs"	"3"	3.6	5.32	0.61	35	0.17	NA	NA	44	"0"
"acs"	"3"	2.42	5.25	0.38	31	0.01	NA	NA	41	"0"
"acs"	"3"	2.48	6.74	0.14	39	0.78	NA	NA	34	"0"
"acs"	"3"	3	4.96	0.19	48	0.48	NA	NA	45	"0"
"acs"	"3"	2.63	4.92	0.25	48	0.59	NA	NA	44	"0"
"acs"	"3"	3.28	7.17	0.09	37	0.82	NA	NA	40	"0"
"acs"	"3"	2.74	4.74	0.22	43	0.8	NA	NA	32	"0"
"acs"	"3"	2.48	7.43	0.17	35	0.83	NA	NA	25	"0"
"acs"	"3"	2.6	7.69	0.22	36	0.77	NA	NA	31	"0"
"acs"	"3"	2.7	7.4	0.14	39	0.76	NA	NA	31	"0"
"acs"	"3"	3.19	4.99	0.18	51	0.57	NA	NA	42	"0"
"acs"	"3"	2.67	6.69	0.12	37	0.83	NA	NA	35	"0"
"acs"	"2"	4.65	7	0.19	7	0.06	NA	NA	33	"1"
"acs"	"3"	3.78	2.55	0.91	85	0.92	NA	NA	45	"0"
"acs"	"3"	3.58	5.01	0.74	25	0.08	NA	NA	44	"0"
"acs"	"3"	3.01	8.05	0.56	13	0.32	NA	NA	18	"0"
"acs"	"3"	3.15	2.26	0.75	82	0.96	NA	NA	21	"1"
"acs"	"3"	3.1	1.11	0.68	63	0.8	NA	NA	50	"0"
"acs"	"3"	3.69	0.04	0.64	66	0.96	NA	NA	23	"0"
"acs"	"3"	2.61	8.71	0.56	31	0.66	NA	NA	10	"1"
"acs"	"3"	3.04	3.19	0.29	53	0.68	NA	NA	23	"1"
"ras"	"3"	2.86	1.05	0.73	44	NA	25	NA	46	"0"
"acs"	"3"	2.93	4.76	0.56	63	0.65	NA	NA	42	"0"
"acs"	"3"	1.8	7.63	0.61	43	0.98	NA	NA	8	"1"
"acs"	"3"	3.69	4.58	0.7	67	0.67	NA	NA	45	"0"
"acs"	"3"	2.58	5.31	0.61	54	0.56	NA	NA	30	"0"
"acs"	"3"	2.04	8.5	0.66	23	0.8	NA	NA	10	"1"
"acs"	"3"	3.38	5.19	0.56	64	0.5	NA	NA	42	"0"
"acs"	"3"	1.89	8.42	0.5	26	0.85	NA	NA	10	"1"
"acs"	"3"	2.16	8.04	0.68	22	0.86	NA	NA	9	"1"
"acs"	"3"	3.43	5.03	0.73	68	0.71	NA	NA	47	"0"
"acs"	"3"	1.7	9.09	0.47	27	0.82	NA	NA	11	"1"
"acs"	"3"	1.84	9.12	0.52	29	0.74	NA	NA	12	"1"
"acs"	"3"	2.55	3.61	0.25	19	0.65	NA	NA	26	"1"
"mmas"	"3"	3.89	6.82	0.22	27	NA	NA	NA	38	"1"
"acs"	"3"	2.2	8.34	0.17	5	0.19	NA	NA	21	"1"
"mmas"	"3"	3.48	1.34	0.1	16	NA	NA	NA	19	"0"
"acs"	"3"	3.73	3.63	0.27	6	0.55	NA	NA	28	"1"
"mmas"	"3"	2.48	1.59	0.25	47	NA	NA	NA	23	"0"
"mmas"	"3"	4.21	1.09	0.12	18	NA	NA	NA	28	"0"
"mmas"	"3"	4.96	0.22	0.1	19	NA	NA	NA	19	"0"
"mmas"	"3"	4.67	2.24	0.12	25	NA	NA	NA	24	"0"
"mmas"	"3"	3.99	3.55	0.15	20	NA	NA	NA	22	"0"
"mmas"	"3"	3.86	2.45	0.09	21	NA	NA	NA	18	"0"
"mmas"	"3"	3.47	2.17	0.12	31	NA	NA	NA	23	"0"
"mmas"	"3"	3.7	3.09	0.12	16	NA	NA	NA	16	"0"
"mmas"	"3"	4.01	1.62	0.09	19	NA	NA	NA	15	"0"
"mmas"	"3"	4.17	2.55	0.13	24	NA	NA	NA	25	"0"
"mmas"	"3"	3.49	2.77	0.09	18	NA	NA	NA	18	"0"
"mmas"	"3"	3.42	1.62	0.14	25	NA	NA	NA	23	"0"
"mmas"	"3"	3.45	1.54	0.12	27	NA	NA	NA	22	"0"
"ras"	"3"	3.74	7	0.64	43	NA	55	NA	27	"0"
"acs"	"2"	1.55	7.63	0.21	25	0.89	NA	NA	13	"1"
"acs"	"2"	3.89	1.06	0.92	64	0.11	NA	NA	20	"0"
"acs"	"3"	4.26	0.26	0.69	64	0.33	NA	NA	28	"0"
"ras"	"3"	3.4	3	0.37	89	NA	8	NA	20	"1"
"acs"	"3"	3.7	4.43	0.51	65	0.29	NA	NA	37	"0"
"acs"	"3"	3.29	1.89	0.26	52	0.13	NA	NA	30	"0"
"acs"	"3"	2.41	2.72	0.82	63	0.25	NA	NA	23	"0"
"acs"	"3"	2.29	1.95	0.63	48	0.35	NA	NA	24	"0"
"acs"	"3"	4.23	3.15	0.47	63	0.39	NA	NA	37	"0"
"acs"	"3"	2.64	5.07	0.56	57	0.54	NA	NA	44	"0"
"ras"	"3"	2.58	2.1	0.59	72	NA	17	NA	34	"0"
"acs"	"3"	4.34	5.73	0.45	67	0.48	NA	NA	33	"0"
"acs"	"3"	3.54	3.66	0.39	59	0.41	NA	NA	31	"0"
"acs"	"3"	2.34	0.99	0.77	51	0.37	NA	NA	12	"0"
"acs"	"3"	4.14	3.67	0.45	66	0.55	NA	NA	29	"0"
"acs"	"3"	3.51	2.14	0.51	61	0.4	NA	NA	34	"0"
"acs"	"3"	3.01	7.46	0.49	47	0.52	NA	NA	36	"0"
"acs"	"3"	2.43	6.64	0.58	54	0.51	NA	NA	31	"0"
"acs"	"3"	2.08	2.38	0.82	44	0.33	NA	NA	11	"0"
"acs"	"3"	2.56	0.53	0.83	56	0.48	NA	NA	9	"0"
"acs"	"3"	2.75	7.19	0.62	59	0.49	NA	NA	31	"0"
"acs"	"3"	2.23	0.5	0.68	46	0.33	NA	NA	12	"0"
"acs"	"3"	2.09	1.05	0.8	49	0.41	NA	NA	9	"0"
"acs"	"3"	2.31	1.18	0.79	52	0.38	NA	NA	14	"0"
"acs"	"3"	2.2	1	0.76	49	0.36	NA	NA	14	"0"
"acs"	"3"	2.64	1.05	0.75	52	0.37	NA	NA	14	"0"
